Time,People In,People Out,People Inside
2024-03-20 08:15:41,2,4,-2
2024-03-20 08:15:46,4,5,-1
2024-03-20 08:15:51,5,6,-1
2024-03-20 08:15:56,8,6,2
2024-03-20 08:16:01,10,9,1
2024-03-20 08:16:06,11,9,2
2024-03-20 08:16:11,12,13,-1
2024-03-20 08:16:16,13,19,-6
2024-03-20 08:16:21,13,19,-6
2024-03-20 08:16:26,13,22,-9
2024-03-20 08:16:31,13,24,-11
2024-03-20 08:16:36,14,26,-12
2024-03-20 08:16:41,15,28,-13
2024-03-20 08:16:46,15,33,-18
2024-03-20 08:16:51,16,35,-19
2024-03-20 08:16:56,17,37,-20
2024-03-20 08:17:01,18,39,-21
2024-03-20 08:17:06,23,40,-17
2024-03-20 08:17:11,24,41,-17
2024-03-20 08:17:16,27,42,-15
2024-03-20 08:17:22,30,45,-15
2024-03-20 08:17:27,31,47,-16
2024-03-20 08:17:32,31,47,-16
2024-03-20 08:17:37,31,53,-22
2024-03-20 08:17:42,31,54,-23
2024-03-20 08:18:34,1,3,-2
2024-03-20 08:18:39,3,9,-6
2024-03-20 08:18:44,3,14,-11
2024-03-20 08:18:49,3,17,-14
2024-03-20 08:18:54,4,18,-14
2024-03-20 08:18:59,5,20,-15
2024-03-20 08:19:04,6,23,-17
2024-03-20 08:19:09,7,24,-17
2024-03-20 08:19:14,9,24,-15
2024-03-20 08:19:19,13,25,-12
2024-03-20 08:19:24,15,25,-10
2024-03-20 08:19:29,18,26,-8
2024-03-20 08:19:34,18,28,-10
2024-03-20 08:19:39,21,28,-7
2024-03-20 08:19:44,23,28,-5
2024-03-20 08:19:49,29,28,1
2024-03-20 08:19:54,29,29,0
2024-03-20 08:19:59,29,31,-2
2024-03-20 08:20:04,29,38,-9
2024-03-20 08:20:09,29,39,-10
2024-03-20 08:20:14,29,41,-12
2024-03-20 08:20:19,30,44,-14
2024-03-20 08:20:24,34,44,-10
2024-03-20 08:20:29,34,47,-13
2024-03-20 08:20:35,34,49,-15
2024-03-20 08:20:40,35,51,-16
2024-03-20 08:20:45,36,51,-15
2024-03-20 08:20:50,39,53,-14
2024-03-20 08:20:55,39,53,-14
2024-03-20 08:21:00,39,53,-14
2024-03-20 08:21:05,40,55,-15
2024-03-20 08:21:10,42,55,-13
2024-03-20 08:21:15,47,55,-8
2024-03-20 08:21:20,50,55,-5
2024-03-20 08:21:25,51,56,-5
2024-03-20 08:21:30,56,59,-3
2024-03-20 08:21:35,58,61,-3
2024-03-20 08:21:40,58,64,-6
2024-03-20 08:21:45,61,67,-6
2024-03-20 08:21:50,62,68,-6
2024-03-20 08:21:55,63,71,-8
2024-03-20 08:22:00,67,75,-8
2024-03-20 08:22:05,69,80,-11
2024-03-20 08:22:10,70,82,-12
2024-03-20 08:22:15,71,86,-15
2024-03-20 08:22:20,71,88,-17
2024-03-20 08:22:25,73,93,-20
2024-03-20 08:22:30,73,96,-23
2024-03-20 08:22:35,73,97,-24
2024-03-20 08:22:40,75,97,-22
2024-03-20 08:22:45,75,99,-24
2024-03-20 08:22:50,76,100,-24
2024-03-20 08:22:56,79,102,-23
2024-03-20 08:23:01,80,108,-28
2024-03-20 08:23:06,80,111,-31
2024-03-20 08:23:11,81,113,-32
2024-03-20 08:23:16,83,117,-34
2024-03-20 08:23:21,86,119,-33
2024-03-20 08:23:26,88,125,-37
2024-03-20 08:23:31,89,128,-39
2024-03-20 08:23:36,93,135,-42
2024-03-20 08:23:41,93,139,-46
2024-03-20 08:23:46,94,139,-45
2024-03-20 08:23:51,97,139,-42
2024-03-20 08:23:56,99,139,-40
2024-03-20 08:24:01,105,140,-35
2024-03-20 08:24:06,108,141,-33
2024-03-20 08:24:11,112,142,-30
2024-03-20 08:24:16,116,143,-27
2024-03-20 08:24:21,118,145,-27
2024-03-20 08:24:26,122,145,-23
2024-03-20 08:24:31,124,146,-22
2024-03-20 08:24:36,125,151,-26
2024-03-20 08:24:41,125,155,-30
2024-03-20 08:24:46,125,157,-32
2024-03-20 08:24:51,126,159,-33
2024-03-20 08:24:56,128,162,-34
2024-03-20 08:25:02,130,165,-35
2024-03-20 08:25:07,130,169,-39
2024-03-20 08:25:12,131,171,-40
2024-03-20 08:25:17,135,172,-37
2024-03-20 08:25:22,140,173,-33
2024-03-20 08:25:27,142,173,-31
2024-03-20 08:25:32,142,173,-31
2024-03-20 08:25:37,142,173,-31
2024-03-20 08:25:42,145,176,-31
2024-03-20 08:25:47,145,176,-31
2024-03-20 08:25:52,146,179,-33
2024-03-20 08:25:57,148,180,-32
2024-03-20 08:26:02,148,180,-32
2024-03-20 08:26:46,0,2,-2
2024-03-20 08:26:51,3,5,-2
2024-03-20 08:26:56,6,5,1
2024-03-20 08:27:01,6,5,1
2024-03-20 08:27:06,7,10,-3
2024-03-20 08:27:11,9,14,-5
2024-03-20 08:27:16,9,14,-5
2024-03-20 08:27:21,9,15,-6
2024-03-20 08:27:26,16,17,-1
2024-03-20 08:27:31,18,18,0
2024-03-20 08:27:36,19,20,-1
2024-03-20 08:27:41,20,21,-1
2024-03-20 08:27:46,20,21,-1
2024-03-20 08:27:51,20,22,-2
2024-03-20 08:27:56,20,24,-4
2024-03-20 08:28:01,20,26,-6
2024-03-20 08:28:06,20,27,-7
2024-03-20 08:28:11,20,29,-9
2024-03-20 08:28:16,20,29,-9
2024-03-20 08:28:22,21,33,-12
2024-03-20 08:28:27,25,33,-8
2024-03-20 08:28:32,26,37,-11
2024-03-20 08:28:37,27,39,-12
2024-03-20 08:28:42,29,39,-10
2024-03-20 08:28:47,31,39,-8
2024-03-20 08:28:52,33,41,-8
2024-03-20 08:28:57,36,42,-6
2024-03-20 08:29:02,37,44,-7
2024-03-20 08:29:07,38,44,-6
2024-03-20 08:29:12,40,46,-6
2024-03-20 08:29:17,43,51,-8
2024-03-20 08:29:22,43,57,-14
2024-03-20 08:29:27,43,59,-16
2024-03-20 08:29:32,43,61,-18
2024-03-20 08:29:37,43,61,-18
2024-03-20 08:29:42,43,63,-20
2024-03-20 08:30:16,1,2,-1
2024-03-20 08:30:21,1,2,-1
2024-03-20 08:30:26,4,3,1
2024-03-20 08:30:31,4,4,0
2024-03-20 08:30:37,8,4,4
2024-03-20 08:30:42,12,4,8
2024-03-20 08:30:47,14,5,9
2024-03-20 08:30:52,17,5,12
2024-03-20 08:30:57,21,5,16
2024-03-20 08:31:02,24,7,17
2024-03-20 08:31:07,24,9,15
2024-03-20 08:31:12,25,13,12
2024-03-20 08:31:17,27,14,13
2024-03-20 08:31:22,32,14,18
2024-03-20 08:31:27,37,16,21
2024-03-20 08:31:32,41,16,25
2024-03-20 08:31:37,43,16,27
2024-03-20 08:31:42,44,18,26
2024-03-20 08:31:47,44,20,24
2024-03-20 08:31:52,47,21,26
2024-03-20 08:31:57,49,22,27
2024-03-20 08:32:02,49,22,27
2024-03-20 08:32:07,51,24,27
2024-03-20 08:32:12,52,27,25
2024-03-20 08:32:17,53,27,26
2024-03-20 08:32:22,54,27,27
2024-03-20 08:32:27,54,28,26
2024-03-20 08:32:32,54,29,25
2024-03-20 08:32:37,55,30,25
2024-03-20 08:32:42,56,32,24
2024-03-20 08:32:47,60,33,27
2024-03-20 08:32:52,63,34,29
2024-03-20 08:32:58,65,38,27
2024-03-20 08:33:03,66,39,27
2024-03-20 08:33:08,67,40,27
2024-03-20 08:33:13,69,43,26
2024-03-20 08:33:18,69,43,26
2024-03-20 08:33:23,75,45,30
2024-03-20 08:33:28,76,46,30
2024-03-20 08:33:33,80,47,33
2024-03-20 08:33:38,81,48,33
2024-03-20 08:33:43,86,49,37
2024-03-20 08:33:48,90,50,40
2024-03-20 08:33:53,98,52,46
2024-03-20 08:33:58,98,52,46
2024-03-20 08:34:03,101,57,44
2024-03-20 08:34:08,103,59,44
2024-03-20 08:34:13,105,61,44
2024-03-20 08:34:18,107,61,46
2024-03-20 08:34:23,109,64,45
2024-03-20 08:34:28,109,68,41
2024-03-20 08:34:34,109,68,41
2024-03-20 08:34:39,112,72,40
2024-03-20 08:34:44,112,75,37
2024-03-20 08:34:49,112,77,35
2024-03-20 08:34:54,116,80,36
2024-03-20 08:34:59,117,81,36
2024-03-20 08:35:04,121,81,40
2024-03-20 08:35:09,122,83,39
2024-03-20 08:35:14,123,85,38
2024-03-20 08:35:19,123,85,38
2024-03-20 08:35:24,123,85,38
2024-03-20 08:35:29,127,89,38
2024-03-20 08:35:34,129,91,38
2024-03-20 08:35:39,131,91,40
2024-03-20 08:35:44,131,93,38
2024-03-20 08:35:49,131,96,35
2024-03-20 08:35:54,131,102,29
2024-03-20 08:35:59,131,106,25
2024-03-20 08:36:05,131,106,25
2024-03-20 08:36:10,132,108,24
2024-03-20 08:36:15,134,110,24
2024-03-20 08:36:20,137,111,26
2024-03-20 08:36:25,137,112,25
2024-03-20 08:36:30,138,114,24
2024-03-20 08:36:35,141,116,25
2024-03-20 08:36:40,142,116,26
2024-03-20 08:36:45,143,116,27
2024-03-20 08:36:50,143,119,24
2024-03-20 08:36:55,143,119,24
2024-03-20 08:37:00,146,119,27
2024-03-20 08:37:05,146,122,24
2024-03-20 08:37:10,147,124,23
2024-03-20 08:37:15,148,127,21
2024-03-20 08:37:20,148,131,17
2024-03-20 08:37:25,149,134,15
2024-03-20 08:37:30,149,137,12
2024-03-20 08:37:35,149,139,10
2024-03-20 08:37:40,149,142,7
2024-03-20 08:37:45,150,143,7
2024-03-20 08:37:50,151,145,6
2024-03-20 08:37:56,152,145,7
2024-03-20 08:38:01,155,145,10
2024-03-20 08:38:06,156,147,9
2024-03-20 08:38:11,157,147,10
2024-03-20 08:38:16,157,147,10
2024-03-20 08:38:21,157,151,6
2024-03-20 08:38:26,157,152,5
2024-03-20 08:38:31,157,153,4
2024-03-20 08:38:36,157,157,0
2024-03-20 08:38:41,160,163,-3
2024-03-20 08:38:46,162,164,-2
2024-03-20 08:38:51,165,167,-2
2024-03-20 08:38:56,170,168,2
2024-03-20 08:39:01,170,170,0
2024-03-20 08:39:06,173,174,-1
2024-03-20 08:39:11,174,177,-3
2024-03-20 08:39:16,177,180,-3
2024-03-20 08:39:21,179,181,-2
2024-03-20 08:39:26,185,181,4
2024-03-20 08:39:31,186,182,4
2024-03-20 08:39:36,186,182,4
2024-03-20 08:39:41,187,183,4
2024-03-20 08:39:46,191,185,6
2024-03-20 08:39:51,195,186,9
2024-03-20 08:39:56,197,187,10
2024-03-20 08:40:02,199,188,11
2024-03-20 08:40:07,200,192,8
2024-03-20 08:40:12,204,194,10
2024-03-20 08:40:17,207,194,13
2024-03-20 08:40:22,211,195,16
2024-03-20 08:40:27,212,195,17
2024-03-20 08:40:32,215,195,20
2024-03-20 08:40:37,216,199,17
2024-03-20 08:40:42,216,202,14
2024-03-20 08:40:47,216,206,10
2024-03-20 08:40:52,217,209,8
2024-03-20 08:40:57,220,211,9
2024-03-20 08:41:02,221,211,10
2024-03-20 08:41:07,221,213,8
2024-03-20 08:41:12,223,213,10
2024-03-20 08:41:17,224,214,10
2024-03-20 08:41:22,224,214,10
2024-03-20 08:41:27,225,215,10
2024-03-20 08:41:32,227,216,11
2024-03-20 08:41:37,230,217,13
2024-03-20 08:41:42,230,219,11
2024-03-20 08:41:47,231,220,11
2024-03-20 08:41:52,231,221,10
2024-03-20 08:41:57,232,224,8
2024-03-20 08:42:02,234,228,6
2024-03-20 08:42:07,237,228,9
2024-03-20 08:42:12,242,230,12
2024-03-20 08:42:18,245,232,13
2024-03-20 08:42:23,247,234,13
2024-03-20 08:42:28,247,236,11
2024-03-20 08:42:33,247,238,9
2024-03-20 08:42:38,248,241,7
2024-03-20 08:42:43,250,242,8
2024-03-20 08:42:48,250,243,7
2024-03-20 08:42:53,251,249,2
2024-03-20 08:42:58,251,253,-2
2024-03-20 08:43:03,252,255,-3
2024-03-20 08:43:08,252,258,-6
2024-03-20 08:43:13,252,259,-7
2024-03-20 08:43:18,252,260,-8
2024-03-20 08:43:23,253,263,-10
2024-03-20 08:43:28,253,268,-15
2024-03-20 08:43:33,253,273,-20
2024-03-20 08:43:38,253,274,-21
2024-03-20 08:43:43,253,275,-22
2024-03-20 08:43:48,253,275,-22
2024-03-20 08:43:53,254,276,-22
2024-03-20 08:43:58,255,278,-23
2024-03-20 08:44:03,258,281,-23
2024-03-20 08:44:08,258,281,-23
2024-03-20 08:44:14,258,284,-26
2024-03-20 08:44:19,258,284,-26
2024-03-20 08:44:24,260,286,-26
2024-03-20 08:44:29,261,287,-26
2024-03-20 08:44:34,266,290,-24
2024-03-20 08:44:39,267,291,-24
2024-03-20 08:44:44,267,292,-25
2024-03-20 08:44:49,271,292,-21
2024-03-20 08:44:54,275,293,-18
2024-03-20 08:44:59,276,293,-17
2024-03-20 08:45:04,281,295,-14
2024-03-20 08:45:09,283,298,-15
2024-03-20 08:45:14,283,298,-15
2024-03-20 08:45:19,285,300,-15
2024-03-20 08:45:24,290,302,-12
2024-03-20 08:45:29,292,302,-10
2024-03-20 08:45:34,296,303,-7
2024-03-20 08:45:39,296,305,-9
2024-03-20 08:45:44,297,305,-8
2024-03-20 08:45:49,299,306,-7
2024-03-20 08:45:54,301,309,-8
2024-03-20 08:45:59,303,311,-8
2024-03-20 08:46:04,303,311,-8
2024-03-20 08:46:09,306,312,-6
2024-03-20 08:46:14,306,315,-9
2024-03-20 08:46:20,306,317,-11
2024-03-20 08:46:25,311,317,-6
2024-03-20 08:46:30,314,317,-3
2024-03-20 08:46:35,314,320,-6
2024-03-20 08:46:40,314,321,-7
2024-03-20 08:46:45,315,322,-7
2024-03-20 08:46:50,315,322,-7
2024-03-20 08:46:55,316,325,-9
2024-03-20 08:47:00,318,325,-7
2024-03-20 08:47:05,323,326,-3
2024-03-20 08:47:10,324,326,-2
2024-03-20 08:47:15,327,330,-3
2024-03-20 08:47:20,329,332,-3
2024-03-20 08:47:25,331,334,-3
2024-03-20 08:47:30,331,334,-3
2024-03-20 08:47:35,333,338,-5
2024-03-20 08:47:40,336,343,-7
2024-03-20 08:47:45,338,345,-7
2024-03-20 08:47:50,342,345,-3
2024-03-20 08:47:55,347,347,0
2024-03-20 08:48:00,350,347,3
2024-03-20 08:48:05,357,350,7
2024-03-20 08:48:10,359,352,7
2024-03-20 08:48:15,362,353,9
2024-03-20 08:48:20,367,355,12
2024-03-20 08:48:25,370,355,15
2024-03-20 08:48:30,374,355,19
2024-03-20 08:48:35,376,355,21
2024-03-20 08:48:40,377,356,21
2024-03-20 08:48:45,377,356,21
2024-03-20 08:48:50,379,356,23
2024-03-20 08:48:56,380,358,22
2024-03-20 08:49:01,380,361,19
2024-03-20 08:49:06,380,366,14
2024-03-20 08:49:11,380,366,14
2024-03-20 08:49:16,382,366,16
2024-03-20 08:49:21,385,367,18
2024-03-20 08:49:26,385,368,17
2024-03-20 08:49:31,385,370,15
2024-03-20 08:49:36,386,373,13
2024-03-20 08:49:41,387,377,10
2024-03-20 08:49:46,388,377,11
2024-03-20 08:49:51,393,377,16
2024-03-20 08:49:56,393,378,15
2024-03-20 08:50:01,396,379,17
2024-03-20 08:50:06,396,379,17
2024-03-20 08:50:11,396,379,17
2024-03-20 08:50:16,396,380,16
2024-03-20 08:50:21,396,380,16
2024-03-20 08:50:26,397,382,15
2024-03-20 08:50:31,397,384,13
2024-03-20 08:50:36,400,388,12
2024-03-20 08:50:41,403,390,13
2024-03-20 08:50:47,406,391,15
2024-03-20 08:50:52,411,392,19
2024-03-20 08:50:57,414,394,20
2024-03-20 08:51:02,417,396,21
2024-03-20 08:51:07,420,397,23
2024-03-20 08:51:12,420,397,23
2024-03-20 08:51:17,420,399,21
2024-03-20 08:51:22,420,399,21
2024-03-20 08:51:27,420,399,21
2024-03-20 08:51:32,420,401,19
2024-03-20 08:51:37,420,403,17
2024-03-20 08:51:42,421,405,16
2024-03-20 08:51:47,422,405,17
2024-03-20 08:51:52,422,407,15
2024-03-20 08:51:57,422,408,14
2024-03-20 08:52:02,422,412,10
2024-03-20 08:52:07,422,414,8
2024-03-20 08:52:12,422,416,6
2024-03-20 08:52:17,425,420,5
2024-03-20 08:52:22,427,420,7
2024-03-20 08:52:27,429,425,4
2024-03-20 08:52:32,429,426,3
2024-03-20 08:52:37,432,426,6
2024-03-20 08:52:42,435,431,4
2024-03-20 08:52:47,438,432,6
2024-03-20 08:52:53,442,433,9
2024-03-20 08:52:58,444,434,10
2024-03-20 08:53:03,444,435,9
2024-03-20 08:53:08,444,436,8
2024-03-20 08:53:13,444,439,5
2024-03-20 08:53:18,448,439,9
2024-03-20 08:53:23,450,440,10
2024-03-20 08:53:28,456,440,16
2024-03-20 08:53:33,457,442,15
2024-03-20 08:53:38,457,446,11
2024-03-20 08:53:43,459,446,13
2024-03-20 08:53:48,461,447,14
2024-03-20 08:53:53,464,450,14
2024-03-20 08:53:58,466,452,14
2024-03-20 08:54:03,470,452,18
2024-03-20 08:54:08,470,460,10
2024-03-20 08:54:13,470,460,10
2024-03-20 08:54:18,470,462,8
2024-03-20 08:54:23,473,462,11
2024-03-20 08:54:28,475,464,11
2024-03-20 08:54:33,475,464,11
2024-03-20 08:54:38,479,464,15
2024-03-20 08:54:43,482,467,15
2024-03-20 08:54:48,482,468,14
2024-03-20 08:54:53,483,468,15
2024-03-20 08:54:58,483,468,15
2024-03-20 08:55:03,485,471,14
2024-03-20 08:55:08,486,476,10
2024-03-20 08:55:14,488,479,9
2024-03-20 08:55:19,490,479,11
2024-03-20 08:55:24,494,479,15
2024-03-20 08:55:29,497,480,17
2024-03-20 08:55:34,499,481,18
2024-03-20 08:55:39,501,482,19
2024-03-20 08:55:44,503,482,21
2024-03-20 08:55:49,507,485,22
2024-03-20 08:55:54,509,487,22
2024-03-20 08:55:59,511,487,24
2024-03-20 08:56:04,514,487,27
2024-03-20 08:56:09,519,489,30
2024-03-20 08:56:14,522,489,33
2024-03-20 08:56:19,525,490,35
2024-03-20 08:56:24,527,491,36
2024-03-20 08:56:29,528,494,34
2024-03-20 08:56:34,531,497,34
2024-03-20 08:56:39,535,499,36
2024-03-20 08:56:44,540,504,36
2024-03-20 08:56:49,541,507,34
2024-03-20 08:56:54,542,507,35
2024-03-20 08:56:59,543,507,36
2024-03-20 08:57:04,546,514,32
2024-03-20 08:57:09,546,517,29
2024-03-20 08:57:14,546,517,29
2024-03-20 08:57:19,547,517,30
2024-03-20 08:57:24,548,521,27
2024-03-20 08:57:29,549,523,26
2024-03-20 08:57:34,549,525,24
2024-03-20 08:57:40,551,526,25
2024-03-20 08:57:45,551,526,25
2024-03-20 08:57:50,553,526,27
2024-03-20 08:57:55,553,526,27
2024-03-20 08:58:00,557,526,31
2024-03-20 08:58:05,559,526,33
2024-03-20 08:58:10,561,531,30
2024-03-20 08:58:15,561,532,29
2024-03-20 08:58:20,565,535,30
2024-03-20 08:58:25,566,542,24
2024-03-20 08:58:30,566,542,24
2024-03-20 08:58:35,566,543,23
2024-03-20 08:58:40,568,543,25
2024-03-20 08:58:45,571,545,26
2024-03-20 08:58:50,574,545,29
2024-03-20 08:58:55,578,545,33
2024-03-20 08:59:00,578,545,33
2024-03-20 08:59:05,578,549,29
2024-03-20 08:59:10,580,550,30
2024-03-20 08:59:15,584,550,34
2024-03-20 08:59:20,585,552,33
2024-03-20 08:59:25,585,553,32
2024-03-20 08:59:30,585,555,30
2024-03-20 08:59:35,585,555,30
2024-03-20 08:59:40,587,559,28
2024-03-20 08:59:45,591,560,31
2024-03-20 08:59:50,592,560,32
2024-03-20 08:59:55,593,560,33
2024-03-20 09:00:01,594,562,32
2024-03-20 09:00:06,595,563,32
2024-03-20 09:00:11,595,565,30
2024-03-20 09:00:16,596,568,28
2024-03-20 09:00:21,597,573,24
2024-03-20 09:00:26,598,575,23
2024-03-20 09:00:31,599,575,24
2024-03-20 09:00:36,601,575,26
2024-03-20 09:00:41,604,575,29
2024-03-20 09:00:46,608,577,31
2024-03-20 09:00:51,614,577,37
2024-03-20 09:00:56,615,580,35
2024-03-20 09:01:01,615,583,32
2024-03-20 09:01:06,615,586,29
2024-03-20 09:01:11,619,592,27
2024-03-20 09:01:16,621,593,28
2024-03-20 09:01:21,625,595,30
2024-03-20 09:01:26,626,597,29
2024-03-20 09:01:31,626,597,29
2024-03-20 09:01:36,626,597,29
2024-03-20 09:01:41,627,598,29
2024-03-20 09:01:46,629,600,29
2024-03-20 09:01:52,630,601,29
2024-03-20 09:01:57,630,601,29
2024-03-20 09:02:02,631,601,30
2024-03-20 09:02:07,631,602,29
2024-03-20 09:02:12,631,602,29
2024-03-20 09:02:17,631,603,28
2024-03-20 09:02:22,631,607,24
2024-03-20 09:02:27,631,609,22
2024-03-20 09:02:32,631,610,21
2024-03-20 09:02:37,632,613,19
2024-03-20 09:02:42,633,616,17
2024-03-20 09:02:47,633,616,17
2024-03-20 09:02:52,633,619,14
2024-03-20 09:02:57,636,621,15
2024-03-20 09:03:02,637,623,14
2024-03-20 09:03:07,640,625,15
2024-03-20 09:03:12,643,630,13
2024-03-20 09:03:17,645,633,12
2024-03-20 09:03:22,652,635,17
2024-03-20 09:03:27,652,635,17
2024-03-20 09:03:33,654,635,19
2024-03-20 09:03:38,654,635,19
2024-03-20 09:03:43,657,635,22
2024-03-20 09:03:48,661,635,26
2024-03-20 09:03:53,666,636,30
2024-03-20 09:03:58,669,637,32
2024-03-20 09:04:03,669,638,31
2024-03-20 09:04:08,669,640,29
2024-03-20 09:04:13,669,640,29
2024-03-20 09:04:18,671,641,30
2024-03-20 09:04:23,673,642,31
2024-03-20 09:04:28,675,642,33
2024-03-20 09:04:33,678,643,35
2024-03-20 09:04:38,680,643,37
2024-03-20 09:04:43,681,643,38
2024-03-20 09:04:48,683,643,40
2024-03-20 09:04:53,683,643,40
2024-03-20 09:04:58,684,645,39
2024-03-20 09:05:03,685,645,40
2024-03-20 09:05:08,685,647,38
2024-03-20 09:05:13,685,647,38
2024-03-20 09:05:18,686,649,37
2024-03-20 09:05:23,686,651,35
2024-03-20 09:05:28,690,651,39
2024-03-20 09:05:33,691,653,38
2024-03-20 09:05:39,692,659,33
2024-03-20 09:05:44,692,660,32
2024-03-20 09:05:49,692,660,32
2024-03-20 09:05:54,694,662,32
2024-03-20 09:05:59,696,662,34
2024-03-20 09:06:04,700,663,37
2024-03-20 09:06:09,704,663,41
2024-03-20 09:06:14,706,663,43
2024-03-20 09:06:19,708,663,45
2024-03-20 09:06:24,709,665,44
2024-03-20 09:06:29,711,667,44
2024-03-20 09:06:34,713,667,46
2024-03-20 09:06:39,717,667,50
2024-03-20 09:06:44,717,667,50
2024-03-20 09:06:49,719,667,52
2024-03-20 09:06:54,719,668,51
2024-03-20 09:06:59,720,669,51
2024-03-20 09:07:04,722,671,51
2024-03-20 09:07:09,727,673,54
2024-03-20 09:07:14,728,675,53
2024-03-20 09:07:19,729,677,52
2024-03-20 09:07:24,729,681,48
2024-03-20 09:07:29,730,685,45
2024-03-20 09:07:34,730,685,45
2024-03-20 09:07:39,731,687,44
2024-03-20 09:07:44,734,688,46
2024-03-20 09:07:49,734,691,43
2024-03-20 09:07:54,734,696,38
2024-03-20 09:08:00,734,698,36
2024-03-20 09:08:05,734,698,36
2024-03-20 09:08:10,735,699,36
2024-03-20 09:08:15,737,700,37
2024-03-20 09:08:20,741,701,40
2024-03-20 09:08:25,742,702,40
2024-03-20 09:08:30,743,702,41
2024-03-20 09:08:35,745,704,41
2024-03-20 09:08:40,749,705,44
2024-03-20 09:08:45,749,706,43
2024-03-20 09:08:50,749,708,41
2024-03-20 09:08:55,749,710,39
2024-03-20 09:09:00,751,711,40
2024-03-20 09:09:05,756,713,43
2024-03-20 09:09:10,757,714,43
2024-03-20 09:09:15,758,714,44
2024-03-20 09:09:20,759,717,42
2024-03-20 09:09:25,760,719,41
2024-03-20 09:09:30,760,721,39
2024-03-20 09:09:35,760,721,39
2024-03-20 09:09:40,764,721,43
2024-03-20 09:09:45,764,721,43
2024-03-20 09:09:50,769,727,42
2024-03-20 09:09:56,773,729,44
2024-03-20 09:10:01,779,729,50
2024-03-20 09:10:06,780,729,51
2024-03-20 09:10:11,780,731,49
2024-03-20 09:10:16,781,731,50
2024-03-20 09:10:21,781,732,49
2024-03-20 09:10:26,781,737,44
2024-03-20 09:10:31,782,743,39
2024-03-20 09:10:36,783,746,37
2024-03-20 09:10:41,786,748,38
2024-03-20 09:10:46,786,749,37
2024-03-20 09:10:51,787,755,32
2024-03-20 09:10:56,787,755,32
2024-03-20 09:11:01,789,755,34
2024-03-20 09:11:06,790,756,34
2024-03-20 09:11:11,792,757,35
2024-03-20 09:11:16,792,759,33
2024-03-20 09:11:21,793,761,32
2024-03-20 09:11:26,796,761,35
2024-03-20 09:11:31,798,763,35
2024-03-20 09:11:36,801,763,38
2024-03-20 09:11:41,802,763,39
2024-03-20 09:11:46,802,764,38
2024-03-20 09:11:51,802,766,36
2024-03-20 09:11:56,806,767,39
2024-03-20 09:12:01,807,767,40
2024-03-20 09:12:06,809,767,42
2024-03-20 09:12:11,815,770,45
2024-03-20 09:12:16,822,770,52
2024-03-20 09:12:21,824,774,50
2024-03-20 09:12:27,826,775,51
2024-03-20 09:12:32,830,779,51
2024-03-20 09:12:37,833,781,52
2024-03-20 09:12:42,837,785,52
2024-03-20 09:12:47,838,787,51
2024-03-20 09:12:52,838,788,50
2024-03-20 09:12:57,838,788,50
2024-03-20 09:13:02,839,791,48
2024-03-20 09:13:07,839,792,47
2024-03-20 09:13:12,841,792,49
2024-03-20 09:13:17,842,796,46
2024-03-20 09:13:22,844,797,47
2024-03-20 09:13:27,844,799,45
2024-03-20 09:13:32,848,801,47
2024-03-20 09:13:37,849,802,47
2024-03-20 09:13:42,849,804,45
2024-03-20 09:13:47,850,809,41
2024-03-20 09:13:52,852,810,42
2024-03-20 09:13:57,854,813,41
2024-03-20 09:14:02,860,813,47
2024-03-20 09:14:07,863,815,48
2024-03-20 09:14:12,863,815,48
2024-03-20 09:14:17,867,815,52
2024-03-20 09:14:22,868,816,52
2024-03-20 09:14:27,869,817,52
2024-03-20 09:14:32,876,820,56
2024-03-20 09:14:37,879,821,58
2024-03-20 09:14:42,880,822,58
2024-03-20 09:14:47,881,824,57
2024-03-20 09:14:53,883,828,55
2024-03-20 09:14:58,884,831,53
2024-03-20 09:15:03,885,832,53
2024-03-20 09:15:08,887,832,55
2024-03-20 09:15:13,889,834,55
2024-03-20 09:15:18,889,835,54
2024-03-20 09:15:23,889,838,51
2024-03-20 09:15:28,892,838,54
2024-03-20 09:15:33,892,843,49
2024-03-20 09:15:38,894,847,47
2024-03-20 09:15:43,894,847,47
2024-03-20 09:15:48,894,847,47
2024-03-20 09:15:53,895,848,47
2024-03-20 09:15:58,898,848,50
2024-03-20 09:16:03,898,849,49
2024-03-20 09:16:08,898,850,48
2024-03-20 09:16:13,900,853,47
2024-03-20 09:16:18,902,855,47
2024-03-20 09:16:23,903,856,47
2024-03-20 09:16:28,905,857,48
2024-03-20 09:16:33,906,857,49
2024-03-20 09:16:38,907,858,49
2024-03-20 09:16:43,908,859,49
2024-03-20 09:16:49,908,862,46
2024-03-20 09:16:54,910,864,46
2024-03-20 09:16:59,914,866,48
2024-03-20 09:17:04,919,866,53
2024-03-20 09:17:09,922,866,56
2024-03-20 09:17:14,923,867,56
2024-03-20 09:17:19,925,869,56
2024-03-20 09:17:24,927,871,56
2024-03-20 09:17:29,927,871,56
2024-03-20 09:17:34,929,874,55
2024-03-20 09:17:39,930,874,56
2024-03-20 09:17:44,933,880,53
2024-03-20 09:17:49,935,881,54
2024-03-20 09:17:54,936,882,54
2024-03-20 09:17:59,940,882,58
2024-03-20 09:18:04,942,883,59
2024-03-20 09:18:09,942,883,59
2024-03-20 09:18:14,944,886,58
2024-03-20 09:18:19,945,886,59
2024-03-20 09:18:24,946,887,59
2024-03-20 09:18:29,949,889,60
2024-03-20 09:18:34,949,889,60
2024-03-20 09:18:39,949,892,57
2024-03-20 09:18:44,949,895,54
2024-03-20 09:18:49,949,895,54
2024-03-20 09:18:54,950,895,55
2024-03-20 09:19:00,952,897,55
2024-03-20 09:19:05,954,899,55
2024-03-20 09:19:10,954,900,54
2024-03-20 09:19:15,954,900,54
2024-03-20 09:19:20,954,900,54
2024-03-20 09:19:25,954,903,51
2024-03-20 09:19:30,956,903,53
2024-03-20 09:19:35,958,903,55
2024-03-20 09:19:40,959,903,56
2024-03-20 09:19:45,959,903,56
2024-03-20 09:19:50,959,905,54
2024-03-20 09:19:55,960,908,52
2024-03-20 09:20:00,962,909,53
2024-03-20 09:20:05,965,910,55
2024-03-20 09:20:10,966,911,55
2024-03-20 09:20:15,966,914,52
2024-03-20 09:20:20,969,915,54
2024-03-20 09:20:25,971,919,52
2024-03-20 09:20:30,972,921,51
2024-03-20 09:20:35,972,924,48
2024-03-20 09:20:40,972,924,48
2024-03-20 09:20:45,975,924,51
2024-03-20 09:20:50,975,925,50
2024-03-20 09:20:55,977,925,52
2024-03-20 09:21:00,982,925,57
2024-03-20 09:21:05,983,925,58
2024-03-20 09:21:10,983,925,58
2024-03-20 09:21:16,983,926,57
2024-03-20 09:21:21,983,927,56
2024-03-20 09:21:26,984,929,55
2024-03-20 09:21:31,986,929,57
2024-03-20 09:21:36,986,932,54
2024-03-20 09:21:41,987,935,52
2024-03-20 09:21:46,989,935,54
2024-03-20 09:21:51,990,938,52
2024-03-20 09:21:56,992,940,52
2024-03-20 09:22:01,995,945,50
2024-03-20 09:22:06,996,947,49
2024-03-20 09:22:11,996,950,46
2024-03-20 09:22:16,999,958,41
2024-03-20 09:22:21,1003,961,42
2024-03-20 09:22:26,1003,961,42
2024-03-20 09:22:31,1008,961,47
2024-03-20 09:22:36,1013,962,51
2024-03-20 09:22:41,1016,964,52
2024-03-20 09:22:46,1016,965,51
2024-03-20 09:22:51,1018,965,53
2024-03-20 09:22:56,1020,966,54
2024-03-20 09:23:01,1020,967,53
2024-03-20 09:23:06,1023,967,56
2024-03-20 09:23:11,1023,970,53
2024-03-20 09:23:17,1024,971,53
2024-03-20 09:23:22,1024,973,51
2024-03-20 09:23:27,1025,975,50
2024-03-20 09:23:32,1025,981,44
2024-03-20 09:23:37,1025,981,44
2024-03-20 09:23:42,1028,985,43
2024-03-20 09:23:47,1028,987,41
2024-03-20 09:23:52,1028,987,41
2024-03-20 09:23:57,1028,988,40
2024-03-20 09:24:02,1032,992,40
2024-03-20 09:24:07,1032,992,40
2024-03-20 09:24:12,1033,992,41
2024-03-20 09:24:17,1035,992,43
2024-03-20 09:24:22,1035,995,40
2024-03-20 09:24:27,1038,996,42
2024-03-20 09:24:32,1040,996,44
2024-03-20 09:24:37,1041,996,45
2024-03-20 09:24:42,1044,996,48
2024-03-20 09:24:47,1044,996,48
2024-03-20 09:24:52,1046,1000,46
2024-03-20 09:24:57,1046,1003,43
2024-03-20 09:25:02,1047,1003,44
2024-03-20 09:25:07,1048,1004,44
2024-03-20 09:25:12,1050,1006,44
2024-03-20 09:25:17,1054,1006,48
2024-03-20 09:25:22,1056,1006,50
2024-03-20 09:25:27,1059,1006,53
2024-03-20 09:25:32,1062,1007,55
2024-03-20 09:25:38,1065,1007,58
2024-03-20 09:25:43,1065,1008,57
2024-03-20 09:25:48,1065,1009,56
2024-03-20 09:25:53,1067,1009,58
2024-03-20 09:25:58,1070,1012,58
2024-03-20 09:26:03,1071,1014,57
2024-03-20 09:26:08,1071,1014,57
2024-03-20 09:26:13,1072,1016,56
2024-03-20 09:26:18,1073,1017,56
2024-03-20 09:26:23,1074,1018,56
2024-03-20 09:26:28,1074,1024,50
2024-03-20 09:26:33,1076,1025,51
2024-03-20 09:26:38,1078,1029,49
2024-03-20 09:26:43,1079,1029,50
2024-03-20 09:26:48,1079,1029,50
2024-03-20 09:26:53,1082,1030,52
2024-03-20 09:26:58,1082,1032,50
2024-03-20 09:27:03,1082,1032,50
2024-03-20 09:27:08,1082,1032,50
2024-03-20 09:27:13,1083,1034,49
2024-03-20 09:27:18,1083,1038,45
2024-03-20 09:27:23,1084,1039,45
2024-03-20 09:27:29,1088,1040,48
2024-03-20 09:27:34,1092,1040,52
2024-03-20 09:27:39,1093,1044,49
2024-03-20 09:27:44,1095,1045,50
2024-03-20 09:27:49,1100,1048,52
2024-03-20 09:27:54,1101,1048,53
2024-03-20 09:27:59,1103,1048,55
2024-03-20 09:28:04,1105,1051,54
2024-03-20 09:28:09,1108,1053,55
2024-03-20 09:28:14,1110,1053,57
2024-03-20 09:28:19,1111,1054,57
2024-03-20 09:28:24,1113,1054,59
2024-03-20 09:28:29,1115,1055,60
2024-03-20 09:28:34,1115,1055,60
2024-03-20 09:28:39,1121,1055,66
2024-03-20 09:28:44,1123,1056,67
2024-03-20 09:28:49,1126,1057,69
2024-03-20 09:28:54,1128,1058,70
2024-03-20 09:28:59,1130,1061,69
2024-03-20 09:29:04,1130,1062,68
2024-03-20 09:29:09,1130,1065,65
2024-03-20 09:29:14,1131,1067,64
2024-03-20 09:29:19,1132,1070,62
2024-03-20 09:29:24,1134,1072,62
2024-03-20 09:29:29,1135,1076,59
2024-03-20 09:29:34,1135,1078,57
2024-03-20 09:29:39,1136,1081,55
2024-03-20 09:29:45,1136,1081,55
2024-03-20 09:29:50,1138,1081,57
2024-03-20 09:29:55,1138,1081,57
2024-03-20 09:30:00,1140,1081,59
2024-03-20 09:30:05,1140,1081,59
2024-03-20 09:30:10,1140,1083,57
2024-03-20 09:30:15,1142,1083,59
2024-03-20 09:30:20,1144,1085,59
2024-03-20 09:30:25,1146,1090,56
2024-03-20 09:30:30,1150,1091,59
2024-03-20 09:30:35,1152,1091,61
2024-03-20 09:30:40,1152,1094,58
2024-03-20 09:30:45,1152,1098,54
2024-03-20 09:30:50,1152,1101,51
2024-03-20 09:30:55,1152,1101,51
2024-03-20 09:31:00,1152,1102,50
2024-03-20 09:31:05,1152,1103,49
2024-03-20 09:31:10,1153,1109,44
2024-03-20 09:31:15,1157,1110,47
2024-03-20 09:31:20,1159,1110,49
2024-03-20 09:31:25,1160,1110,50
2024-03-20 09:31:30,1163,1112,51
2024-03-20 09:31:35,1165,1116,49
2024-03-20 09:31:40,1166,1117,49
2024-03-20 09:31:45,1167,1119,48
2024-03-20 09:31:50,1169,1121,48
2024-03-20 09:31:55,1169,1125,44
2024-03-20 09:32:00,1170,1125,45
2024-03-20 09:32:05,1170,1129,41
2024-03-20 09:32:11,1170,1132,38
2024-03-20 09:32:16,1170,1133,37
2024-03-20 09:32:21,1170,1138,32
2024-03-20 09:32:26,1170,1140,30
2024-03-20 09:32:31,1171,1145,26
2024-03-20 09:32:36,1171,1145,26
2024-03-20 09:32:41,1172,1148,24
2024-03-20 09:32:46,1175,1150,25
2024-03-20 09:32:51,1175,1150,25
2024-03-20 09:32:56,1176,1150,26
2024-03-20 09:33:01,1178,1153,25
2024-03-20 09:33:06,1180,1153,27
2024-03-20 09:33:11,1182,1154,28
2024-03-20 09:33:16,1187,1154,33
2024-03-20 09:33:21,1189,1154,35
2024-03-20 09:33:26,1189,1156,33
2024-03-20 09:33:31,1190,1157,33
2024-03-20 09:33:36,1192,1160,32
2024-03-20 09:33:41,1192,1164,28
2024-03-20 09:33:46,1192,1164,28
2024-03-20 09:33:51,1194,1164,30
2024-03-20 09:33:56,1195,1167,28
2024-03-20 09:34:01,1197,1170,27
2024-03-20 09:34:06,1197,1170,27
2024-03-20 09:34:11,1198,1170,28
2024-03-20 09:34:16,1202,1171,31
2024-03-20 09:34:22,1205,1172,33
2024-03-20 09:34:27,1206,1173,33
2024-03-20 09:34:32,1208,1173,35
2024-03-20 09:34:37,1211,1173,38
2024-03-20 09:34:42,1212,1175,37
2024-03-20 09:34:47,1212,1175,37
2024-03-20 09:34:52,1212,1175,37
2024-03-20 09:34:57,1213,1178,35
2024-03-20 09:35:02,1213,1181,32
2024-03-20 09:35:07,1215,1182,33
2024-03-20 09:35:12,1218,1185,33
2024-03-20 09:35:17,1218,1187,31
2024-03-20 09:35:22,1218,1188,30
2024-03-20 09:35:27,1218,1188,30
2024-03-20 09:35:32,1218,1188,30
2024-03-20 09:35:37,1219,1188,31
2024-03-20 09:35:42,1223,1189,34
2024-03-20 09:35:47,1225,1190,35
2024-03-20 09:35:52,1225,1190,35
2024-03-20 09:35:57,1226,1190,36
2024-03-20 09:36:02,1227,1190,37
2024-03-20 09:36:07,1228,1192,36
2024-03-20 09:36:12,1229,1193,36
2024-03-20 09:36:17,1230,1196,34
2024-03-20 09:36:22,1232,1196,36
2024-03-20 09:36:28,1236,1197,39
2024-03-20 09:36:33,1242,1198,44
2024-03-20 09:36:38,1242,1198,44
2024-03-20 09:36:43,1242,1202,40
2024-03-20 09:36:48,1243,1204,39
2024-03-20 09:36:53,1245,1204,41
2024-03-20 09:36:58,1249,1204,45
2024-03-20 09:37:03,1252,1206,46
2024-03-20 09:37:08,1254,1207,47
2024-03-20 09:37:13,1256,1207,49
2024-03-20 09:37:18,1259,1211,48
2024-03-20 09:37:23,1260,1213,47
2024-03-20 09:37:28,1261,1214,47
2024-03-20 09:37:33,1262,1214,48
2024-03-20 09:37:38,1266,1216,50
2024-03-20 09:37:43,1266,1216,50
2024-03-20 09:37:48,1266,1216,50
2024-03-20 09:37:53,1267,1217,50
2024-03-20 09:37:58,1270,1219,51
2024-03-20 09:38:03,1270,1220,50
2024-03-20 09:38:08,1272,1221,51
2024-03-20 09:38:13,1272,1221,51
2024-03-20 09:38:18,1274,1221,53
2024-03-20 09:38:23,1276,1224,52
2024-03-20 09:38:28,1277,1224,53
2024-03-20 09:38:33,1280,1226,54
2024-03-20 09:38:38,1280,1226,54
2024-03-20 09:38:44,1282,1227,55
2024-03-20 09:38:49,1282,1229,53
2024-03-20 09:38:54,1283,1229,54
2024-03-20 09:38:59,1286,1230,56
2024-03-20 09:39:04,1289,1231,58
2024-03-20 09:39:09,1290,1233,57
2024-03-20 09:39:14,1292,1234,58
2024-03-20 09:39:19,1292,1234,58
2024-03-20 09:39:24,1293,1234,59
2024-03-20 09:39:29,1293,1237,56
2024-03-20 09:39:34,1293,1239,54
2024-03-20 09:39:39,1293,1240,53
2024-03-20 09:39:44,1295,1242,53
2024-03-20 09:39:49,1296,1245,51
2024-03-20 09:39:54,1296,1249,47
2024-03-20 09:39:59,1296,1250,46
2024-03-20 09:40:04,1299,1251,48
2024-03-20 09:40:09,1301,1252,49
2024-03-20 09:40:14,1306,1256,50
2024-03-20 09:40:19,1308,1256,52
2024-03-20 09:40:24,1313,1256,57
2024-03-20 09:40:29,1316,1256,60
2024-03-20 09:40:34,1318,1256,62
2024-03-20 09:40:39,1319,1259,60
2024-03-20 09:40:44,1320,1259,61
2024-03-20 09:40:49,1322,1261,61
2024-03-20 09:40:54,1324,1263,61
2024-03-20 09:41:00,1326,1265,61
2024-03-20 09:41:05,1330,1269,61
2024-03-20 09:41:10,1332,1273,59
2024-03-20 09:41:15,1334,1275,59
2024-03-20 09:41:20,1338,1275,63
2024-03-20 09:41:25,1343,1275,68
2024-03-20 09:41:30,1344,1277,67
2024-03-20 09:41:35,1345,1279,66
2024-03-20 09:41:40,1345,1281,64
2024-03-20 09:41:45,1345,1281,64
2024-03-20 09:41:50,1345,1281,64
2024-03-20 09:41:55,1349,1282,67
2024-03-20 09:42:00,1351,1282,69
2024-03-20 09:42:05,1355,1284,71
2024-03-20 09:42:10,1356,1285,71
2024-03-20 09:42:15,1358,1285,73
2024-03-20 09:42:20,1359,1288,71
2024-03-20 09:42:25,1359,1288,71
2024-03-20 09:42:30,1361,1288,73
2024-03-20 09:42:35,1361,1291,70
2024-03-20 09:42:41,1362,1292,70
2024-03-20 09:42:46,1363,1293,70
2024-03-20 09:42:51,1363,1293,70
2024-03-20 09:42:56,1363,1296,67
2024-03-20 09:43:01,1363,1299,64
2024-03-20 09:43:06,1363,1299,64
2024-03-20 09:43:11,1364,1300,64
2024-03-20 09:43:16,1365,1301,64
2024-03-20 09:43:21,1366,1304,62
2024-03-20 09:43:26,1369,1305,64
2024-03-20 09:43:31,1372,1306,66
2024-03-20 09:43:36,1373,1306,67
2024-03-20 09:43:41,1373,1307,66
2024-03-20 09:43:46,1373,1311,62
2024-03-20 09:43:51,1375,1311,64
2024-03-20 09:43:56,1377,1312,65
2024-03-20 09:44:01,1378,1315,63
2024-03-20 09:44:06,1378,1319,59
2024-03-20 09:44:11,1379,1322,57
2024-03-20 09:44:16,1381,1322,59
2024-03-20 09:44:21,1381,1324,57
2024-03-20 09:44:26,1383,1325,58
2024-03-20 09:44:31,1387,1327,60
2024-03-20 09:44:36,1388,1327,61
2024-03-20 09:44:41,1392,1327,65
2024-03-20 09:44:46,1394,1327,67
2024-03-20 09:44:51,1396,1329,67
2024-03-20 09:44:56,1397,1331,66
2024-03-20 09:45:01,1397,1333,64
2024-03-20 09:45:06,1399,1334,65
2024-03-20 09:45:11,1399,1337,62
2024-03-20 09:45:17,1399,1339,60
2024-03-20 09:45:22,1402,1343,59
2024-03-20 09:45:27,1403,1343,60
2024-03-20 09:45:32,1404,1345,59
2024-03-20 09:45:37,1406,1346,60
2024-03-20 09:45:42,1410,1346,64
2024-03-20 09:45:47,1410,1346,64
2024-03-20 09:45:52,1414,1347,67
2024-03-20 09:45:57,1415,1348,67
2024-03-20 09:46:02,1416,1351,65
2024-03-20 09:46:07,1417,1353,64
2024-03-20 09:46:12,1418,1354,64
2024-03-20 09:46:17,1421,1355,66
2024-03-20 09:46:22,1422,1356,66
2024-03-20 09:46:27,1422,1357,65
2024-03-20 09:46:32,1422,1357,65
2024-03-20 09:46:37,1422,1357,65
2024-03-20 09:46:42,1422,1359,63
2024-03-20 09:46:47,1425,1362,63
2024-03-20 09:46:52,1425,1362,63
2024-03-20 09:46:57,1425,1364,61
2024-03-20 09:47:02,1426,1365,61
2024-03-20 09:47:07,1428,1367,61
2024-03-20 09:47:13,1430,1367,63
2024-03-20 09:47:18,1430,1368,62
2024-03-20 09:47:23,1433,1368,65
2024-03-20 09:47:28,1438,1369,69
2024-03-20 09:47:33,1438,1369,69
2024-03-20 09:47:38,1438,1372,66
2024-03-20 09:47:43,1439,1374,65
2024-03-20 09:47:48,1441,1375,66
2024-03-20 09:47:53,1443,1375,68
2024-03-20 09:47:58,1444,1375,69
2024-03-20 09:48:03,1446,1377,69
2024-03-20 09:48:08,1449,1379,70
2024-03-20 09:48:13,1450,1382,68
2024-03-20 09:48:18,1451,1384,67
2024-03-20 09:48:23,1453,1386,67
2024-03-20 09:48:28,1453,1386,67
2024-03-20 09:48:33,1454,1389,65
2024-03-20 09:48:38,1454,1393,61
2024-03-20 09:48:43,1456,1394,62
2024-03-20 09:48:48,1458,1394,64
2024-03-20 09:48:53,1458,1394,64
2024-03-20 09:48:58,1458,1396,62
2024-03-20 09:49:03,1460,1396,64
2024-03-20 09:49:08,1460,1396,64
2024-03-20 09:49:13,1464,1396,68
2024-03-20 09:49:18,1464,1396,68
2024-03-20 09:49:23,1466,1397,69
2024-03-20 09:49:28,1468,1399,69
2024-03-20 09:49:34,1472,1399,73
2024-03-20 09:49:39,1472,1399,73
2024-03-20 09:49:44,1473,1401,72
2024-03-20 09:49:49,1475,1403,72
2024-03-20 09:49:54,1476,1409,67
2024-03-20 09:49:59,1476,1411,65
2024-03-20 09:50:04,1476,1414,62
2024-03-20 09:50:09,1476,1415,61
2024-03-20 09:50:14,1478,1416,62
2024-03-20 09:50:19,1480,1419,61
2024-03-20 09:50:24,1481,1420,61
2024-03-20 09:50:29,1482,1422,60
2024-03-20 09:50:34,1483,1422,61
2024-03-20 09:50:39,1483,1422,61
2024-03-20 09:50:44,1483,1424,59
2024-03-20 09:50:49,1484,1425,59
2024-03-20 09:50:54,1485,1425,60
2024-03-20 09:50:59,1491,1426,65
2024-03-20 09:51:04,1493,1426,67
2024-03-20 09:51:09,1493,1426,67
2024-03-20 09:51:14,1493,1428,65
2024-03-20 09:51:19,1493,1428,65
2024-03-20 09:51:24,1494,1429,65
2024-03-20 09:51:30,1494,1430,64
2024-03-20 09:51:35,1494,1432,62
2024-03-20 09:51:40,1494,1434,60
2024-03-20 09:51:45,1495,1435,60
2024-03-20 09:51:50,1495,1436,59
2024-03-20 09:51:55,1495,1436,59
2024-03-20 09:52:00,1496,1436,60
2024-03-20 09:52:05,1500,1437,63
2024-03-20 09:52:10,1503,1437,66
2024-03-20 09:52:15,1505,1438,67
2024-03-20 09:52:20,1506,1439,67
2024-03-20 09:52:25,1510,1439,71
2024-03-20 09:52:30,1513,1441,72
2024-03-20 09:52:35,1517,1441,76
2024-03-20 09:52:40,1517,1441,76
2024-03-20 09:52:45,1521,1446,75
2024-03-20 09:52:50,1523,1446,77
2024-03-20 09:52:55,1523,1447,76
2024-03-20 09:53:00,1523,1448,75
2024-03-20 09:53:05,1523,1452,71
2024-03-20 09:53:10,1525,1454,71
2024-03-20 09:53:15,1525,1457,68
2024-03-20 09:53:20,1527,1457,70
2024-03-20 09:53:25,1527,1460,67
2024-03-20 09:53:30,1528,1460,68
2024-03-20 09:53:35,1528,1461,67
2024-03-20 09:53:40,1533,1463,70
2024-03-20 09:53:45,1533,1463,70
2024-03-20 09:53:51,1534,1466,68
2024-03-20 09:53:56,1536,1468,68
2024-03-20 09:54:01,1537,1469,68
2024-03-20 09:54:06,1538,1471,67
2024-03-20 09:54:11,1538,1471,67
2024-03-20 09:54:16,1538,1471,67
2024-03-20 09:54:21,1538,1471,67
2024-03-20 09:54:26,1540,1478,62
2024-03-20 09:54:31,1541,1478,63
2024-03-20 09:54:36,1543,1481,62
2024-03-20 09:54:41,1545,1482,63
2024-03-20 09:54:46,1548,1484,64
2024-03-20 09:54:51,1553,1486,67
2024-03-20 09:54:56,1556,1486,70
2024-03-20 09:55:01,1556,1486,70
2024-03-20 09:55:06,1556,1486,70
2024-03-20 09:55:11,1558,1488,70
2024-03-20 09:55:16,1560,1490,70
2024-03-20 09:55:21,1560,1490,70
2024-03-20 09:55:26,1560,1490,70
2024-03-20 09:55:31,1562,1492,70
2024-03-20 09:55:36,1563,1492,71
2024-03-20 09:55:41,1564,1496,68
2024-03-20 09:55:46,1568,1499,69
2024-03-20 09:55:51,1570,1500,70
2024-03-20 09:55:56,1570,1502,68
2024-03-20 09:56:01,1570,1505,65
2024-03-20 09:56:07,1571,1509,62
2024-03-20 09:56:12,1571,1513,58
2024-03-20 09:56:17,1572,1514,58
2024-03-20 09:56:22,1573,1517,56
2024-03-20 09:56:27,1574,1520,54
2024-03-20 09:56:32,1575,1521,54
2024-03-20 09:56:37,1575,1522,53
2024-03-20 09:56:42,1577,1523,54
2024-03-20 09:56:47,1577,1526,51
2024-03-20 09:56:52,1580,1531,49
2024-03-20 09:56:57,1580,1531,49
2024-03-20 09:57:02,1582,1534,48
2024-03-20 09:57:07,1583,1539,44
2024-03-20 09:57:12,1586,1540,46
2024-03-20 09:57:17,1586,1540,46
2024-03-20 09:57:22,1586,1543,43
2024-03-20 09:57:27,1587,1545,42
2024-03-20 09:57:32,1591,1546,45
2024-03-20 09:57:37,1593,1548,45
2024-03-20 09:57:42,1595,1548,47
2024-03-20 09:57:47,1596,1550,46
2024-03-20 09:57:52,1601,1552,49
2024-03-20 09:57:57,1602,1552,50
2024-03-20 09:58:03,1605,1552,53
2024-03-20 09:58:08,1607,1552,55
2024-03-20 09:58:13,1609,1552,57
2024-03-20 09:58:18,1610,1552,58
2024-03-20 09:58:23,1611,1552,59
2024-03-20 09:58:28,1614,1552,62
2024-03-20 09:58:33,1615,1555,60
2024-03-20 09:58:38,1615,1555,60
2024-03-20 09:58:43,1617,1557,60
2024-03-20 09:58:48,1618,1558,60
2024-03-20 09:58:53,1618,1560,58
2024-03-20 09:58:58,1622,1561,61
2024-03-20 09:59:03,1625,1563,62
2024-03-20 09:59:08,1625,1564,61
2024-03-20 09:59:13,1625,1565,60
2024-03-20 09:59:18,1625,1567,58
2024-03-20 09:59:23,1628,1574,54
2024-03-20 09:59:28,1631,1578,53
2024-03-20 09:59:33,1633,1578,55
2024-03-20 09:59:38,1634,1579,55
2024-03-20 09:59:43,1634,1579,55
2024-03-20 09:59:48,1634,1580,54
2024-03-20 09:59:53,1635,1580,55
2024-03-20 09:59:58,1636,1580,56
2024-03-20 10:00:03,1636,1580,56
2024-03-20 10:00:08,1636,1581,55
2024-03-20 10:00:13,1636,1582,54
2024-03-20 10:00:18,1636,1584,52
2024-03-20 10:00:23,1642,1587,55
2024-03-20 10:00:28,1643,1590,53
2024-03-20 10:00:33,1643,1590,53
2024-03-20 10:00:38,1645,1591,54
2024-03-20 10:00:44,1646,1591,55
2024-03-20 10:00:49,1649,1593,56
2024-03-20 10:00:54,1652,1595,57
2024-03-20 10:00:59,1652,1597,55
2024-03-20 10:01:04,1653,1599,54
2024-03-20 10:01:09,1653,1601,52
2024-03-20 10:01:14,1653,1603,50
2024-03-20 10:01:19,1654,1603,51
2024-03-20 10:01:24,1656,1605,51
2024-03-20 10:01:29,1656,1606,50
2024-03-20 10:01:34,1656,1606,50
2024-03-20 10:01:39,1656,1608,48
2024-03-20 10:01:44,1658,1608,50
2024-03-20 10:01:49,1660,1608,52
2024-03-20 10:01:54,1663,1609,54
2024-03-20 10:01:59,1664,1611,53
2024-03-20 10:02:04,1664,1613,51
2024-03-20 10:02:09,1666,1613,53
2024-03-20 10:02:14,1666,1613,53
2024-03-20 10:02:19,1666,1614,52
2024-03-20 10:02:24,1666,1614,52
2024-03-20 10:02:29,1669,1614,55
2024-03-20 10:02:34,1673,1614,59
2024-03-20 10:02:39,1674,1615,59
2024-03-20 10:02:44,1674,1616,58
2024-03-20 10:02:50,1674,1618,56
2024-03-20 10:02:55,1680,1618,62
2024-03-20 10:03:00,1686,1618,68
2024-03-20 10:03:05,1686,1618,68
2024-03-20 10:03:10,1688,1618,70
2024-03-20 10:03:15,1689,1618,71
2024-03-20 10:03:20,1691,1618,73
2024-03-20 10:03:25,1691,1620,71
2024-03-20 10:03:30,1692,1622,70
2024-03-20 10:03:35,1692,1626,66
2024-03-20 10:03:40,1694,1626,68
2024-03-20 10:03:45,1697,1626,71
2024-03-20 10:03:50,1698,1627,71
2024-03-20 10:03:55,1698,1627,71
2024-03-20 10:04:00,1699,1629,70
2024-03-20 10:04:05,1703,1629,74
2024-03-20 10:04:10,1703,1629,74
2024-03-20 10:04:15,1704,1632,72
2024-03-20 10:04:20,1704,1632,72
2024-03-20 10:04:25,1704,1632,72
2024-03-20 10:04:30,1704,1633,71
2024-03-20 10:04:35,1704,1636,68
2024-03-20 10:04:41,1708,1637,71
2024-03-20 10:04:46,1711,1639,72
2024-03-20 10:04:51,1711,1641,70
2024-03-20 10:04:56,1711,1641,70
2024-03-20 10:05:01,1712,1645,67
2024-03-20 10:05:06,1712,1646,66
2024-03-20 10:05:11,1715,1649,66
2024-03-20 10:05:16,1717,1651,66
2024-03-20 10:05:21,1719,1653,66
2024-03-20 10:05:26,1723,1654,69
2024-03-20 10:05:31,1724,1654,70
2024-03-20 10:05:36,1724,1654,70
2024-03-20 10:05:41,1727,1655,72
2024-03-20 10:05:46,1732,1657,75
2024-03-20 10:05:51,1732,1657,75
2024-03-20 10:05:56,1734,1657,77
2024-03-20 10:06:01,1736,1657,79
2024-03-20 10:06:06,1739,1658,81
2024-03-20 10:06:11,1740,1659,81
2024-03-20 10:06:16,1741,1660,81
2024-03-20 10:06:21,1746,1660,86
2024-03-20 10:06:26,1749,1662,87
2024-03-20 10:06:31,1751,1663,88
2024-03-20 10:06:36,1754,1666,88
2024-03-20 10:06:41,1754,1666,88
2024-03-20 10:06:46,1754,1666,88
2024-03-20 10:06:51,1754,1666,88
2024-03-20 10:06:56,1754,1666,88
2024-03-20 10:07:01,1754,1666,88
2024-03-20 10:07:06,1754,1667,87
2024-03-20 10:07:11,1754,1667,87
2024-03-20 10:07:16,1754,1667,87
2024-03-20 10:07:22,1754,1667,87
2024-03-20 10:07:27,1754,1667,87
2024-03-20 10:07:32,1754,1669,85
2024-03-20 10:07:37,1754,1670,84
2024-03-20 10:07:42,1754,1671,83
2024-03-20 10:07:47,1757,1675,82
2024-03-20 10:07:52,1758,1677,81
2024-03-20 10:07:57,1758,1682,76
2024-03-20 10:08:02,1758,1686,72
2024-03-20 10:08:07,1758,1689,69
2024-03-20 10:08:12,1760,1690,70
2024-03-20 10:08:17,1761,1694,67
2024-03-20 10:08:22,1763,1695,68
2024-03-20 10:08:27,1764,1697,67
2024-03-20 10:08:32,1765,1697,68
2024-03-20 10:08:37,1767,1697,70
2024-03-20 10:08:42,1767,1697,70
2024-03-20 10:08:47,1767,1697,70
2024-03-20 10:08:52,1767,1697,70
2024-03-20 10:08:57,1767,1698,69
2024-03-20 10:09:02,1768,1698,70
2024-03-20 10:09:07,1769,1698,71
2024-03-20 10:09:12,1771,1698,73
2024-03-20 10:09:17,1771,1698,73
2024-03-20 10:09:22,1771,1698,73
2024-03-20 10:09:27,1772,1698,74
2024-03-20 10:09:33,1773,1700,73
2024-03-20 10:09:38,1776,1704,72
2024-03-20 10:09:43,1776,1704,72
2024-03-20 10:09:48,1776,1704,72
2024-03-20 10:09:53,1779,1706,73
2024-03-20 10:09:58,1779,1707,72
2024-03-20 10:10:03,1779,1707,72
2024-03-20 10:10:08,1779,1709,70
2024-03-20 10:10:13,1779,1709,70
2024-03-20 10:10:18,1779,1709,70
2024-03-20 10:10:23,1779,1709,70
2024-03-20 10:10:28,1779,1710,69
2024-03-20 10:10:33,1781,1711,70
2024-03-20 10:10:38,1781,1713,68
2024-03-20 10:10:43,1781,1715,66
2024-03-20 10:10:48,1781,1715,66
2024-03-20 10:10:53,1786,1715,71
2024-03-20 10:10:58,1786,1715,71
2024-03-20 10:11:03,1788,1717,71
2024-03-20 10:11:08,1790,1717,73
2024-03-20 10:11:13,1792,1719,73
2024-03-20 10:11:18,1793,1721,72
2024-03-20 10:11:23,1793,1723,70
2024-03-20 10:11:28,1793,1724,69
2024-03-20 10:11:33,1793,1726,67
2024-03-20 10:11:38,1793,1726,67
2024-03-20 10:11:43,1793,1726,67
2024-03-20 10:11:48,1793,1726,67
2024-03-20 10:11:53,1794,1727,67
2024-03-20 10:11:59,1794,1727,67
2024-03-20 10:12:04,1794,1727,67
2024-03-20 10:12:09,1794,1727,67
2024-03-20 10:12:14,1794,1727,67
2024-03-20 10:12:19,1795,1729,66
2024-03-20 10:12:24,1795,1729,66
2024-03-20 10:12:29,1795,1729,66
2024-03-20 10:12:34,1796,1730,66
2024-03-20 10:12:39,1796,1730,66
2024-03-20 10:12:44,1800,1730,70
2024-03-20 10:12:49,1800,1731,69
2024-03-20 10:12:54,1800,1735,65
2024-03-20 10:12:59,1803,1738,65
2024-03-20 10:13:04,1803,1739,64
2024-03-20 10:13:09,1803,1739,64
2024-03-20 10:13:14,1803,1744,59
2024-03-20 10:13:19,1804,1745,59
2024-03-20 10:13:24,1804,1747,57
2024-03-20 10:13:29,1804,1747,57
2024-03-20 10:13:34,1804,1747,57
2024-03-20 10:13:39,1804,1749,55
2024-03-20 10:13:44,1806,1749,57
2024-03-20 10:13:49,1808,1749,59
2024-03-20 10:13:54,1813,1749,64
2024-03-20 10:13:59,1816,1749,67
2024-03-20 10:14:04,1817,1751,66
2024-03-20 10:14:09,1818,1751,67
2024-03-20 10:14:14,1820,1751,69
2024-03-20 10:14:20,1820,1752,68
2024-03-20 10:14:25,1820,1753,67
2024-03-20 10:14:30,1820,1753,67
2024-03-20 10:14:35,1821,1756,65
2024-03-20 10:14:40,1821,1756,65
2024-03-20 10:14:45,1823,1756,67
2024-03-20 10:14:50,1823,1756,67
2024-03-20 10:14:55,1823,1758,65
2024-03-20 10:15:00,1823,1758,65
2024-03-20 10:15:05,1823,1758,65
2024-03-20 10:15:10,1823,1761,62
2024-03-20 10:15:15,1825,1769,56
2024-03-20 10:15:20,1825,1771,54
2024-03-20 10:15:25,1828,1777,51
2024-03-20 10:15:30,1828,1777,51
2024-03-20 10:15:35,1828,1781,47
2024-03-20 10:15:40,1828,1784,44
2024-03-20 10:15:45,1828,1789,39
2024-03-20 10:15:50,1828,1789,39
2024-03-20 10:15:55,1828,1789,39
2024-03-20 10:16:00,1828,1789,39
2024-03-20 10:16:05,1829,1789,40
2024-03-20 10:16:10,1829,1789,40
2024-03-20 10:16:15,1829,1789,40
2024-03-20 10:16:20,1829,1789,40
2024-03-20 10:16:25,1830,1790,40
2024-03-20 10:16:30,1833,1793,40
2024-03-20 10:16:35,1833,1793,40
2024-03-20 10:16:40,1833,1798,35
2024-03-20 10:16:45,1835,1801,34
2024-03-20 10:16:50,1836,1801,35
2024-03-20 10:16:56,1836,1802,34
2024-03-20 10:17:01,1837,1803,34
2024-03-20 10:17:06,1839,1808,31
2024-03-20 10:17:11,1841,1809,32
2024-03-20 10:17:16,1842,1810,32
2024-03-20 10:17:21,1842,1810,32
2024-03-20 10:17:26,1842,1814,28
2024-03-20 10:17:31,1842,1814,28
2024-03-20 10:17:36,1843,1816,27
2024-03-20 10:17:41,1847,1816,31
2024-03-20 10:17:46,1847,1818,29
2024-03-20 10:17:51,1847,1821,26
2024-03-20 10:17:56,1847,1822,25
2024-03-20 10:18:01,1848,1827,21
2024-03-20 10:18:06,1848,1829,19
2024-03-20 10:18:11,1848,1830,18
2024-03-20 10:18:16,1850,1835,15
2024-03-20 10:18:21,1850,1838,12
2024-03-20 10:18:26,1850,1839,11
2024-03-20 10:18:31,1853,1840,13
2024-03-20 10:18:36,1854,1842,12
2024-03-20 10:18:41,1855,1842,13
2024-03-20 10:18:46,1857,1842,15
2024-03-20 10:18:51,1860,1842,18
2024-03-20 10:18:56,1861,1845,16
2024-03-20 10:19:01,1862,1847,15
2024-03-20 10:19:06,1864,1848,16
2024-03-20 10:19:11,1865,1848,17
2024-03-20 10:19:16,1866,1850,16
2024-03-20 10:19:21,1871,1854,17
2024-03-20 10:19:26,1873,1854,19
2024-03-20 10:19:31,1874,1856,18
2024-03-20 10:19:37,1877,1857,20
2024-03-20 10:19:42,1878,1858,20
2024-03-20 10:19:47,1880,1863,17
2024-03-20 10:19:52,1881,1865,16
2024-03-20 10:19:57,1883,1865,18
2024-03-20 10:20:02,1885,1865,20
2024-03-20 10:20:07,1886,1866,20
2024-03-20 10:20:12,1886,1866,20
2024-03-20 10:20:17,1887,1866,21
2024-03-20 10:20:22,1888,1866,22
2024-03-20 10:20:27,1890,1867,23
2024-03-20 10:20:32,1890,1867,23
2024-03-20 10:20:37,1891,1870,21
2024-03-20 10:20:42,1891,1873,18
2024-03-20 10:20:47,1893,1876,17
2024-03-20 10:20:52,1893,1876,17
2024-03-20 10:20:57,1894,1878,16
2024-03-20 10:21:02,1895,1879,16
2024-03-20 10:21:07,1899,1880,19
2024-03-20 10:21:12,1899,1881,18
2024-03-20 10:21:17,1900,1881,19
2024-03-20 10:21:22,1900,1882,18
2024-03-20 10:21:27,1900,1882,18
2024-03-20 10:21:32,1900,1885,15
2024-03-20 10:21:37,1900,1885,15
2024-03-20 10:21:42,1902,1890,12
2024-03-20 10:21:47,1902,1890,12
2024-03-20 10:21:52,1902,1890,12
2024-03-20 10:21:57,1903,1890,13
2024-03-20 10:22:02,1903,1892,11
2024-03-20 10:22:07,1904,1892,12
2024-03-20 10:22:12,1904,1896,8
2024-03-20 10:22:18,1905,1897,8
2024-03-20 10:22:23,1905,1900,5
2024-03-20 10:22:28,1906,1900,6
2024-03-20 10:22:33,1906,1903,3
2024-03-20 10:22:38,1909,1903,6
2024-03-20 10:22:43,1909,1903,6
2024-03-20 10:22:48,1909,1903,6
2024-03-20 10:22:53,1909,1903,6
2024-03-20 10:22:58,1909,1904,5
2024-03-20 10:23:03,1911,1904,7
2024-03-20 10:23:08,1912,1904,8
2024-03-20 10:23:13,1913,1904,9
2024-03-20 10:23:18,1914,1905,9
2024-03-20 10:23:23,1916,1907,9
2024-03-20 10:23:28,1916,1910,6
2024-03-20 10:23:33,1916,1913,3
2024-03-20 10:23:38,1916,1914,2
2024-03-20 10:23:43,1916,1918,-2
2024-03-20 10:23:48,1918,1919,-1
2024-03-20 10:23:53,1920,1926,-6
2024-03-20 10:23:58,1921,1930,-9
2024-03-20 10:24:04,1921,1930,-9
2024-03-20 10:24:09,1923,1930,-7
2024-03-20 10:24:14,1924,1930,-6
2024-03-20 10:24:19,1926,1930,-4
2024-03-20 10:24:24,1928,1931,-3
2024-03-20 10:24:29,1930,1931,-1
2024-03-20 10:24:34,1931,1931,0
2024-03-20 10:24:39,1934,1931,3
2024-03-20 10:24:44,1934,1932,2
2024-03-20 10:24:49,1934,1932,2
2024-03-20 10:24:54,1934,1934,0
2024-03-20 10:24:59,1935,1935,0
2024-03-20 10:25:04,1935,1938,-3
2024-03-20 10:25:09,1936,1938,-2
2024-03-20 10:25:14,1942,1942,0
2024-03-20 10:25:19,1945,1942,3
2024-03-20 10:25:24,1946,1942,4
2024-03-20 10:25:29,1946,1942,4
2024-03-20 10:25:34,1946,1945,1
2024-03-20 10:25:39,1946,1947,-1
2024-03-20 10:25:44,1946,1947,-1
2024-03-20 10:25:49,1946,1947,-1
2024-03-20 10:25:54,1946,1950,-4
2024-03-20 10:25:59,1947,1951,-4
2024-03-20 10:26:04,1947,1953,-6
2024-03-20 10:26:09,1947,1953,-6
2024-03-20 10:26:14,1947,1956,-9
2024-03-20 10:26:19,1947,1958,-11
2024-03-20 10:26:25,1950,1959,-9
2024-03-20 10:26:30,1950,1962,-12
2024-03-20 10:26:35,1950,1963,-13
2024-03-20 10:26:40,1952,1966,-14
2024-03-20 10:26:45,1953,1967,-14
2024-03-20 10:26:50,1953,1968,-15
2024-03-20 10:26:55,1953,1970,-17
2024-03-20 10:27:00,1953,1971,-18
2024-03-20 10:27:05,1953,1972,-19
2024-03-20 10:27:10,1954,1973,-19
2024-03-20 10:27:15,1954,1973,-19
2024-03-20 10:27:20,1957,1973,-16
2024-03-20 10:27:25,1959,1973,-14
2024-03-20 10:27:30,1960,1973,-13
2024-03-20 10:27:35,1960,1975,-15
2024-03-20 10:27:40,1961,1979,-18
2024-03-20 10:27:45,1961,1980,-19
2024-03-20 10:27:50,1962,1983,-21
2024-03-20 10:27:55,1962,1984,-22
2024-03-20 10:28:00,1963,1990,-27
2024-03-20 10:28:05,1963,1993,-30
2024-03-20 10:28:10,1963,1993,-30
2024-03-20 10:28:15,1966,1996,-30
2024-03-20 10:28:21,1966,1998,-32
2024-03-20 10:28:26,1967,2000,-33
2024-03-20 10:28:31,1971,2001,-30
2024-03-20 10:28:36,1975,2003,-28
2024-03-20 10:28:41,1975,2005,-30
2024-03-20 10:28:46,1975,2005,-30
2024-03-20 10:28:51,1975,2005,-30
2024-03-20 10:28:56,1975,2007,-32
2024-03-20 10:29:01,1975,2008,-33
2024-03-20 10:29:06,1975,2009,-34
2024-03-20 10:29:11,1976,2013,-37
2024-03-20 10:29:16,1977,2013,-36
2024-03-20 10:29:21,1977,2013,-36
2024-03-20 10:29:26,1977,2017,-40
2024-03-20 10:29:31,1977,2018,-41
2024-03-20 10:29:36,1977,2019,-42
2024-03-20 10:29:41,1977,2020,-43
2024-03-20 10:29:46,1977,2025,-48
2024-03-20 10:29:51,1977,2025,-48
2024-03-20 10:29:56,1977,2026,-49
2024-03-20 10:30:01,1977,2027,-50
2024-03-20 10:30:06,1977,2027,-50
2024-03-20 10:30:11,1977,2027,-50
2024-03-20 10:30:16,1977,2027,-50
2024-03-20 10:30:21,1977,2027,-50
2024-03-20 10:30:26,1983,2027,-44
2024-03-20 10:30:31,1985,2027,-42
2024-03-20 10:30:36,1986,2030,-44
2024-03-20 10:30:42,1988,2034,-46
2024-03-20 10:30:47,1989,2038,-49
2024-03-20 10:30:52,1989,2038,-49
2024-03-20 10:30:57,1992,2040,-48
2024-03-20 10:31:02,1992,2043,-51
2024-03-20 10:31:07,1992,2044,-52
2024-03-20 10:31:12,1994,2049,-55
2024-03-20 10:31:17,1994,2049,-55
2024-03-20 10:31:22,1995,2049,-54
2024-03-20 10:31:27,1995,2049,-54
2024-03-20 10:31:32,1995,2051,-56
2024-03-20 10:31:37,1995,2051,-56
2024-03-20 10:31:42,1995,2051,-56
2024-03-20 10:31:47,1995,2051,-56
2024-03-20 10:31:52,1995,2052,-57
2024-03-20 10:31:57,1995,2052,-57
2024-03-20 10:32:02,1995,2054,-59
2024-03-20 10:32:07,1995,2054,-59
2024-03-20 10:32:12,1997,2054,-57
2024-03-20 10:32:17,1997,2055,-58
2024-03-20 10:32:22,1997,2055,-58
2024-03-20 10:32:27,1997,2055,-58
2024-03-20 10:32:32,1998,2056,-58
2024-03-20 10:32:37,2000,2058,-58
2024-03-20 10:32:43,2001,2061,-60
2024-03-20 10:32:48,2001,2062,-61
2024-03-20 10:32:53,2001,2063,-62
2024-03-20 10:32:58,2001,2063,-62
2024-03-20 10:33:03,2001,2063,-62
2024-03-20 10:33:08,2001,2063,-62
2024-03-20 10:33:13,2003,2066,-63
2024-03-20 10:33:18,2003,2068,-65
2024-03-20 10:33:23,2004,2071,-67
2024-03-20 10:33:28,2007,2073,-66
2024-03-20 10:33:33,2008,2073,-65
2024-03-20 10:33:38,2008,2075,-67
2024-03-20 10:33:43,2008,2078,-70
2024-03-20 10:33:48,2008,2078,-70
2024-03-20 10:33:53,2009,2078,-69
2024-03-20 10:33:58,2011,2078,-67
2024-03-20 10:34:03,2012,2079,-67
2024-03-20 10:34:08,2012,2079,-67
2024-03-20 10:34:13,2012,2079,-67
2024-03-20 10:34:18,2012,2079,-67
2024-03-20 10:34:23,2012,2080,-68
2024-03-20 10:34:28,2012,2080,-68
2024-03-20 10:34:33,2012,2080,-68
2024-03-20 10:34:38,2014,2081,-67
2024-03-20 10:34:43,2014,2085,-71
2024-03-20 10:34:48,2016,2094,-78
2024-03-20 10:34:53,2016,2099,-83
2024-03-20 10:34:58,2020,2101,-81
2024-03-20 10:35:03,2020,2102,-82
2024-03-20 10:35:08,2020,2102,-82
2024-03-20 10:35:13,2023,2107,-84
2024-03-20 10:35:18,2024,2107,-83
2024-03-20 10:35:23,2026,2107,-81
2024-03-20 10:35:29,2028,2108,-80
2024-03-20 10:35:34,2031,2109,-78
2024-03-20 10:35:39,2032,2110,-78
2024-03-20 10:35:44,2036,2110,-74
2024-03-20 10:35:49,2036,2110,-74
2024-03-20 10:35:54,2037,2110,-73
2024-03-20 10:35:59,2037,2110,-73
2024-03-20 10:36:04,2040,2112,-72
2024-03-20 10:36:09,2044,2112,-68
2024-03-20 10:36:14,2046,2113,-67
2024-03-20 10:36:19,2046,2114,-68
2024-03-20 10:36:24,2046,2116,-70
2024-03-20 10:36:29,2046,2116,-70
2024-03-20 10:36:34,2047,2117,-70
2024-03-20 10:36:39,2047,2117,-70
2024-03-20 10:36:44,2047,2120,-73
2024-03-20 10:36:49,2049,2123,-74
2024-03-20 10:36:54,2049,2123,-74
2024-03-20 10:36:59,2049,2123,-74
2024-03-20 10:37:04,2050,2123,-73
2024-03-20 10:37:09,2050,2123,-73
2024-03-20 10:37:14,2050,2123,-73
2024-03-20 10:37:19,2050,2124,-74
2024-03-20 10:37:24,2051,2124,-73
2024-03-20 10:37:29,2051,2125,-74
2024-03-20 10:37:34,2055,2128,-73
2024-03-20 10:37:39,2055,2129,-74
2024-03-20 10:37:44,2055,2129,-74
2024-03-20 10:37:49,2059,2131,-72
2024-03-20 10:37:55,2061,2133,-72
2024-03-20 10:38:00,2063,2137,-74
2024-03-20 10:38:05,2063,2137,-74
2024-03-20 10:38:10,2063,2141,-78
2024-03-20 10:38:15,2064,2142,-78
2024-03-20 10:38:20,2064,2142,-78
2024-03-20 10:38:25,2068,2142,-74
2024-03-20 10:38:30,2070,2142,-72
2024-03-20 10:38:35,2073,2144,-71
2024-03-20 10:38:40,2074,2145,-71
2024-03-20 10:38:45,2075,2149,-74
2024-03-20 10:38:50,2076,2154,-78
2024-03-20 10:38:55,2076,2156,-80
2024-03-20 10:39:00,2078,2158,-80
2024-03-20 10:39:05,2081,2158,-77
2024-03-20 10:39:10,2083,2162,-79
2024-03-20 10:39:15,2084,2164,-80
2024-03-20 10:39:20,2085,2165,-80
2024-03-20 10:39:25,2090,2169,-79
2024-03-20 10:39:30,2090,2169,-79
2024-03-20 10:39:35,2092,2169,-77
2024-03-20 10:39:40,2093,2171,-78
2024-03-20 10:39:45,2094,2171,-77
2024-03-20 10:39:50,2094,2171,-77
2024-03-20 10:39:55,2094,2172,-78
2024-03-20 10:40:00,2094,2172,-78
2024-03-20 10:40:05,2094,2173,-79
2024-03-20 10:40:10,2094,2173,-79
2024-03-20 10:40:16,2094,2174,-80
2024-03-20 10:40:21,2095,2177,-82
2024-03-20 10:40:26,2095,2177,-82
2024-03-20 10:40:31,2095,2184,-89
2024-03-20 10:40:36,2097,2184,-87
2024-03-20 10:40:41,2098,2186,-88
2024-03-20 10:40:46,2099,2186,-87
2024-03-20 10:40:51,2101,2186,-85
2024-03-20 10:40:56,2103,2186,-83
2024-03-20 10:41:01,2103,2186,-83
2024-03-20 10:41:06,2103,2186,-83
2024-03-20 10:41:11,2103,2186,-83
2024-03-20 10:41:16,2104,2186,-82
2024-03-20 10:41:21,2104,2186,-82
2024-03-20 10:41:26,2107,2188,-81
2024-03-20 10:41:31,2107,2188,-81
2024-03-20 10:41:36,2109,2188,-79
2024-03-20 10:41:41,2111,2188,-77
2024-03-20 10:41:46,2111,2188,-77
2024-03-20 10:41:51,2114,2189,-75
2024-03-20 10:41:56,2114,2189,-75
2024-03-20 10:42:01,2114,2192,-78
2024-03-20 10:42:06,2114,2192,-78
2024-03-20 10:42:11,2115,2192,-77
2024-03-20 10:42:16,2117,2193,-76
2024-03-20 10:42:21,2119,2193,-74
2024-03-20 10:42:26,2120,2193,-73
2024-03-20 10:42:31,2120,2193,-73
2024-03-20 10:42:37,2120,2193,-73
2024-03-20 10:42:42,2120,2193,-73
2024-03-20 10:42:47,2121,2193,-72
2024-03-20 10:42:52,2122,2195,-73
2024-03-20 10:42:57,2124,2196,-72
2024-03-20 10:43:02,2124,2196,-72
2024-03-20 10:43:07,2124,2196,-72
2024-03-20 10:43:12,2125,2199,-74
2024-03-20 10:43:17,2126,2199,-73
2024-03-20 10:43:22,2126,2199,-73
2024-03-20 10:43:27,2126,2199,-73
2024-03-20 10:43:32,2126,2201,-75
2024-03-20 10:43:37,2129,2206,-77
2024-03-20 10:43:42,2132,2210,-78
2024-03-20 10:43:47,2134,2212,-78
2024-03-20 10:43:52,2136,2214,-78
2024-03-20 10:43:57,2137,2216,-79
2024-03-20 10:44:02,2137,2216,-79
2024-03-20 10:44:07,2137,2216,-79
2024-03-20 10:44:12,2137,2216,-79
2024-03-20 10:44:17,2137,2216,-79
2024-03-20 10:44:22,2138,2217,-79
2024-03-20 10:44:27,2140,2217,-77
2024-03-20 10:44:32,2140,2217,-77
2024-03-20 10:44:37,2140,2217,-77
2024-03-20 10:44:43,2140,2220,-80
2024-03-20 10:44:48,2141,2222,-81
2024-03-20 10:44:53,2142,2225,-83
2024-03-20 10:44:58,2142,2225,-83
2024-03-20 10:45:03,2142,2227,-85
2024-03-20 10:45:08,2142,2232,-90
2024-03-20 10:45:13,2143,2233,-90
2024-03-20 10:45:18,2143,2235,-92
2024-03-20 10:45:23,2143,2235,-92
2024-03-20 10:45:28,2143,2236,-93
2024-03-20 10:45:33,2143,2236,-93
2024-03-20 10:45:38,2143,2236,-93
2024-03-20 10:45:43,2143,2239,-96
2024-03-20 10:45:48,2143,2239,-96
2024-03-20 10:45:53,2144,2239,-95
2024-03-20 10:45:58,2144,2239,-95
2024-03-20 10:46:03,2148,2240,-92
2024-03-20 10:46:08,2150,2242,-92
2024-03-20 10:46:13,2153,2242,-89
2024-03-20 10:46:18,2154,2242,-88
2024-03-20 10:46:23,2154,2242,-88
2024-03-20 10:46:28,2155,2243,-88
2024-03-20 10:46:33,2155,2243,-88
2024-03-20 10:46:38,2155,2243,-88
2024-03-20 10:46:43,2157,2243,-86
2024-03-20 10:46:48,2157,2243,-86
2024-03-20 10:46:54,2157,2243,-86
2024-03-20 10:46:59,2157,2243,-86
2024-03-20 10:47:04,2159,2243,-84
2024-03-20 10:47:09,2164,2243,-79
2024-03-20 10:47:14,2166,2243,-77
2024-03-20 10:47:19,2166,2246,-80
2024-03-20 10:47:24,2166,2248,-82
2024-03-20 10:47:29,2166,2249,-83
2024-03-20 10:47:34,2166,2252,-86
2024-03-20 10:47:39,2166,2252,-86
2024-03-20 10:47:44,2166,2255,-89
2024-03-20 10:47:49,2166,2255,-89
2024-03-20 10:47:54,2167,2256,-89
2024-03-20 10:47:59,2167,2256,-89
2024-03-20 10:48:04,2167,2260,-93
2024-03-20 10:48:09,2168,2261,-93
2024-03-20 10:48:14,2169,2261,-92
2024-03-20 10:48:19,2169,2261,-92
2024-03-20 10:48:24,2169,2261,-92
2024-03-20 10:48:29,2169,2262,-93
2024-03-20 10:48:34,2169,2262,-93
2024-03-20 10:48:39,2171,2262,-91
2024-03-20 10:48:44,2171,2264,-93
2024-03-20 10:48:50,2171,2264,-93
2024-03-20 10:48:55,2173,2264,-91
2024-03-20 10:49:00,2173,2266,-93
2024-03-20 10:49:05,2173,2268,-95
2024-03-20 10:49:10,2173,2268,-95
2024-03-20 10:49:15,2175,2269,-94
2024-03-20 10:49:20,2175,2269,-94
2024-03-20 10:49:25,2175,2271,-96
2024-03-20 10:49:30,2175,2271,-96
2024-03-20 10:49:35,2175,2271,-96
2024-03-20 10:49:40,2176,2271,-95
2024-03-20 10:49:45,2176,2271,-95
2024-03-20 10:49:50,2178,2271,-93
2024-03-20 10:49:55,2181,2271,-90
2024-03-20 10:50:00,2182,2271,-89
2024-03-20 10:50:05,2184,2275,-91
2024-03-20 10:50:10,2184,2275,-91
2024-03-20 10:50:15,2184,2277,-93
2024-03-20 10:50:20,2184,2278,-94
2024-03-20 10:50:25,2184,2279,-95
2024-03-20 10:50:30,2184,2279,-95
2024-03-20 10:50:35,2184,2280,-96
2024-03-20 10:50:40,2186,2286,-100
2024-03-20 10:50:45,2189,2290,-101
2024-03-20 10:50:50,2190,2290,-100
2024-03-20 10:50:55,2190,2291,-101
2024-03-20 10:51:00,2190,2293,-103
2024-03-20 10:51:05,2190,2293,-103
2024-03-20 10:51:10,2190,2293,-103
2024-03-20 10:51:15,2191,2293,-102
2024-03-20 10:51:20,2191,2294,-103
2024-03-20 10:51:25,2192,2294,-102
2024-03-20 10:51:31,2193,2295,-102
2024-03-20 10:51:36,2194,2297,-103
2024-03-20 10:51:41,2194,2298,-104
2024-03-20 10:51:46,2194,2298,-104
2024-03-20 10:51:51,2194,2300,-106
2024-03-20 10:51:56,2194,2300,-106
2024-03-20 10:52:01,2194,2300,-106
2024-03-20 10:52:06,2194,2300,-106
2024-03-20 10:52:11,2194,2300,-106
2024-03-20 10:52:16,2194,2300,-106
2024-03-20 10:52:21,2194,2303,-109
2024-03-20 10:52:26,2196,2307,-111
2024-03-20 10:52:31,2196,2307,-111
2024-03-20 10:52:36,2196,2307,-111
2024-03-20 10:52:41,2196,2307,-111
2024-03-20 10:52:46,2197,2310,-113
2024-03-20 10:52:51,2197,2313,-116
2024-03-20 10:52:56,2198,2315,-117
2024-03-20 10:53:01,2198,2317,-119
2024-03-20 10:53:06,2198,2319,-121
2024-03-20 10:53:11,2198,2319,-121
2024-03-20 10:53:16,2202,2319,-117
2024-03-20 10:53:21,2202,2319,-117
2024-03-20 10:53:26,2202,2319,-117
2024-03-20 10:53:31,2202,2321,-119
2024-03-20 10:53:36,2203,2325,-122
2024-03-20 10:53:41,2204,2327,-123
2024-03-20 10:53:46,2206,2327,-121
2024-03-20 10:53:52,2206,2327,-121
2024-03-20 10:53:57,2209,2327,-118
2024-03-20 10:54:02,2209,2328,-119
2024-03-20 10:54:07,2209,2328,-119
2024-03-20 10:54:12,2209,2328,-119
2024-03-20 10:54:17,2210,2329,-119
2024-03-20 10:54:22,2211,2331,-120
2024-03-20 10:54:27,2215,2332,-117
2024-03-20 10:54:32,2216,2334,-118
2024-03-20 10:54:37,2216,2337,-121
2024-03-20 10:54:42,2216,2337,-121
2024-03-20 10:54:47,2216,2338,-122
2024-03-20 10:54:52,2216,2338,-122
2024-03-20 10:54:57,2219,2338,-119
2024-03-20 10:55:02,2222,2339,-117
2024-03-20 10:55:07,2222,2339,-117
2024-03-20 10:55:12,2222,2339,-117
2024-03-20 10:55:17,2222,2339,-117
2024-03-20 10:55:22,2222,2340,-118
2024-03-20 10:55:27,2222,2341,-119
2024-03-20 10:55:32,2224,2347,-123
2024-03-20 10:55:37,2228,2351,-123
2024-03-20 10:55:42,2228,2354,-126
2024-03-20 10:55:47,2228,2356,-128
2024-03-20 10:55:52,2228,2356,-128
2024-03-20 10:55:58,2228,2356,-128
2024-03-20 10:56:03,2228,2357,-129
2024-03-20 10:56:08,2230,2357,-127
2024-03-20 10:56:13,2230,2357,-127
2024-03-20 10:56:18,2230,2357,-127
2024-03-20 10:56:23,2233,2357,-124
2024-03-20 10:56:28,2234,2357,-123
2024-03-20 10:56:33,2234,2359,-125
2024-03-20 10:56:38,2235,2359,-124
2024-03-20 10:56:43,2236,2359,-123
2024-03-20 10:56:48,2237,2359,-122
2024-03-20 10:56:53,2237,2360,-123
2024-03-20 10:56:58,2237,2362,-125
2024-03-20 10:57:03,2237,2363,-126
2024-03-20 10:57:08,2237,2366,-129
2024-03-20 10:57:13,2238,2366,-128
2024-03-20 10:57:18,2238,2366,-128
2024-03-20 10:57:23,2238,2366,-128
2024-03-20 10:57:28,2238,2366,-128
2024-03-20 10:57:33,2239,2366,-127
2024-03-20 10:57:38,2244,2366,-122
2024-03-20 10:57:43,2244,2366,-122
2024-03-20 10:57:48,2244,2366,-122
2024-03-20 10:57:53,2244,2366,-122
2024-03-20 10:57:58,2244,2366,-122
2024-03-20 10:58:03,2244,2366,-122
2024-03-20 10:58:08,2244,2366,-122
2024-03-20 10:58:13,2244,2369,-125
2024-03-20 10:58:18,2244,2371,-127
2024-03-20 10:58:24,2244,2372,-128
2024-03-20 10:58:29,2244,2376,-132
2024-03-20 10:58:34,2246,2379,-133
2024-03-20 10:58:39,2247,2381,-134
2024-03-20 10:58:44,2247,2383,-136
2024-03-20 10:58:49,2249,2388,-139
2024-03-20 10:58:54,2252,2390,-138
2024-03-20 10:58:59,2253,2390,-137
2024-03-20 10:59:04,2253,2390,-137
2024-03-20 10:59:09,2253,2390,-137
2024-03-20 10:59:14,2253,2390,-137
2024-03-20 10:59:19,2254,2392,-138
2024-03-20 10:59:24,2256,2392,-136
2024-03-20 10:59:29,2258,2394,-136
2024-03-20 10:59:34,2258,2394,-136
2024-03-20 10:59:39,2258,2394,-136
2024-03-20 10:59:44,2262,2395,-133
2024-03-20 10:59:49,2262,2396,-134
2024-03-20 10:59:54,2264,2398,-134
2024-03-20 10:59:59,2264,2398,-134
2024-03-20 11:00:04,2266,2401,-135
2024-03-20 11:00:09,2268,2401,-133
2024-03-20 11:00:14,2269,2402,-133
2024-03-20 11:00:19,2273,2402,-129
2024-03-20 11:00:24,2275,2402,-127
2024-03-20 11:00:30,2275,2404,-129
2024-03-20 11:00:35,2275,2405,-130
2024-03-20 11:00:40,2276,2405,-129
2024-03-20 11:00:45,2278,2405,-127
2024-03-20 11:00:50,2278,2405,-127
2024-03-20 11:00:55,2278,2405,-127
2024-03-20 11:01:00,2280,2406,-126
2024-03-20 11:01:05,2282,2407,-125
2024-03-20 11:01:10,2282,2409,-127
2024-03-20 11:01:15,2282,2412,-130
2024-03-20 11:01:20,2284,2414,-130
2024-03-20 11:01:25,2284,2414,-130
2024-03-20 11:01:30,2285,2417,-132
2024-03-20 11:01:35,2285,2417,-132
2024-03-20 11:01:40,2285,2417,-132
2024-03-20 11:01:45,2287,2417,-130
2024-03-20 11:01:50,2288,2417,-129
2024-03-20 11:01:55,2288,2417,-129
2024-03-20 11:02:00,2288,2419,-131
2024-03-20 11:02:05,2288,2419,-131
2024-03-20 11:02:10,2288,2419,-131
2024-03-20 11:02:15,2288,2419,-131
2024-03-20 11:02:20,2288,2419,-131
2024-03-20 11:02:25,2288,2420,-132
2024-03-20 11:02:30,2288,2420,-132
2024-03-20 11:02:36,2288,2420,-132
2024-03-20 11:02:41,2288,2422,-134
2024-03-20 11:02:46,2289,2423,-134
2024-03-20 11:02:51,2289,2423,-134
2024-03-20 11:02:56,2289,2423,-134
2024-03-20 11:03:01,2291,2423,-132
2024-03-20 11:03:06,2291,2424,-133
2024-03-20 11:03:11,2291,2429,-138
2024-03-20 11:03:16,2291,2430,-139
2024-03-20 11:03:21,2291,2430,-139
2024-03-20 11:03:26,2291,2433,-142
2024-03-20 11:03:31,2291,2433,-142
2024-03-20 11:03:36,2291,2433,-142
2024-03-20 11:03:41,2293,2435,-142
2024-03-20 11:03:46,2293,2437,-144
2024-03-20 11:03:51,2293,2439,-146
2024-03-20 11:03:56,2293,2440,-147
2024-03-20 11:04:01,2294,2443,-149
2024-03-20 11:04:06,2294,2446,-152
2024-03-20 11:04:11,2295,2446,-151
2024-03-20 11:04:16,2296,2448,-152
2024-03-20 11:04:21,2299,2448,-149
2024-03-20 11:04:26,2300,2448,-148
2024-03-20 11:04:31,2301,2448,-147
2024-03-20 11:04:36,2301,2448,-147
2024-03-20 11:04:41,2303,2449,-146
2024-03-20 11:04:46,2303,2449,-146
2024-03-20 11:04:51,2303,2449,-146
2024-03-20 11:04:56,2303,2451,-148
2024-03-20 11:05:02,2303,2451,-148
2024-03-20 11:05:07,2304,2451,-147
2024-03-20 11:05:12,2304,2453,-149
2024-03-20 11:05:17,2305,2453,-148
