time,people_in,people_out,people_inside
2024-03-19 23:01:44,1,2,-1
2024-03-19 23:01:49,4,2,2
2024-03-19 23:01:54,8,2,6
2024-03-19 23:01:59,10,6,4
2024-03-19 23:02:05,10,6,4
2024-03-19 23:02:10,10,9,1
2024-03-19 23:02:15,11,11,0
2024-03-19 23:02:20,13,11,2
2024-03-19 23:02:25,14,12,2
2024-03-19 23:02:30,14,16,-2
2024-03-19 23:02:35,15,19,-4
2024-03-19 23:02:40,18,21,-3
2024-03-19 23:02:45,21,22,-1
2024-03-19 23:02:50,22,22,0
2024-03-19 23:02:55,23,25,-2
2024-03-19 23:03:00,24,26,-2
2024-03-19 23:03:05,26,27,-1
2024-03-19 23:03:10,27,28,-1
2024-03-19 23:03:15,30,28,2
2024-03-19 23:03:20,36,29,7
2024-03-19 23:03:25,38,29,9
2024-03-19 23:03:30,42,30,12
2024-03-19 23:03:35,45,30,15
2024-03-19 23:03:40,50,32,18
2024-03-19 23:03:45,52,34,18
2024-03-19 23:03:50,53,39,14
2024-03-19 23:03:55,55,43,12
2024-03-19 23:04:00,58,45,13
2024-03-19 23:04:05,62,50,12
2024-03-19 23:04:11,62,50,12
2024-03-19 23:04:16,64,51,13
2024-03-19 23:04:21,65,56,9
2024-03-19 23:04:26,66,58,8
2024-03-19 23:04:31,66,58,8
2024-03-19 23:04:36,69,60,9
2024-03-19 23:04:41,72,61,11
2024-03-19 23:04:46,77,63,14
2024-03-19 23:04:51,82,65,17
2024-03-19 23:04:56,84,65,19
2024-03-19 23:05:01,88,70,18
2024-03-19 23:05:06,88,72,16
2024-03-19 23:05:11,91,74,17
2024-03-19 23:05:16,94,77,17
2024-03-19 23:05:21,97,82,15
2024-03-19 23:05:26,99,85,14
2024-03-19 23:05:31,100,91,9
2024-03-19 23:05:36,100,96,4
2024-03-19 23:05:41,102,98,4
2024-03-19 23:05:46,102,102,0
2024-03-19 23:05:51,103,106,-3
2024-03-19 23:05:56,104,107,-3
2024-03-19 23:06:01,105,108,-3
2024-03-19 23:06:06,105,110,-5
2024-03-19 23:06:11,106,117,-11
2024-03-19 23:06:16,111,119,-8
2024-03-19 23:06:21,112,124,-12
2024-03-19 23:06:26,115,127,-12
2024-03-19 23:06:31,118,127,-9
2024-03-19 23:06:36,120,132,-12
2024-03-19 23:06:41,122,133,-11
2024-03-19 23:06:47,125,135,-10
2024-03-19 23:06:52,130,137,-7
2024-03-19 23:06:57,131,138,-7
2024-03-19 23:07:02,135,139,-4
2024-03-19 23:07:07,139,139,0
2024-03-19 23:07:12,143,140,3
2024-03-19 23:07:17,146,142,4
2024-03-19 23:07:22,147,148,-1
2024-03-19 23:07:27,149,152,-3
2024-03-19 23:07:32,149,153,-4
2024-03-19 23:07:37,150,157,-7
2024-03-19 23:07:42,154,162,-8
2024-03-19 23:07:47,154,166,-12
2024-03-19 23:07:52,157,169,-12
2024-03-19 23:07:57,159,173,-14
2024-03-19 23:08:02,160,174,-14
2024-03-19 23:08:07,160,174,-14
2024-03-19 23:08:12,162,175,-13
2024-03-19 23:08:17,163,176,-13
2024-03-19 23:08:22,166,180,-14
2024-03-19 23:08:27,170,182,-12
2024-03-19 23:08:32,172,188,-16
2024-03-19 23:08:37,173,192,-19
2024-03-19 23:08:42,174,196,-22
2024-03-19 23:08:47,178,200,-22
2024-03-19 23:08:52,182,203,-21
2024-03-19 23:08:57,185,205,-20
2024-03-19 23:09:03,186,205,-19
2024-03-19 23:09:08,188,205,-17
2024-03-19 23:09:13,189,206,-17
2024-03-19 23:09:18,192,210,-18
2024-03-19 23:09:23,194,212,-18
2024-03-19 23:09:28,199,215,-16
2024-03-19 23:09:33,202,216,-14
2024-03-19 23:09:38,204,216,-12
2024-03-19 23:09:43,209,216,-7
2024-03-19 23:09:48,209,219,-10
2024-03-19 23:09:53,209,220,-11
2024-03-19 23:09:58,210,220,-10
2024-03-19 23:10:03,211,221,-10
2024-03-19 23:10:08,213,222,-9
2024-03-19 23:10:13,214,225,-11
2024-03-19 23:10:18,215,226,-11
2024-03-19 23:10:23,215,226,-11
2024-03-19 23:10:28,215,227,-12
2024-03-19 23:10:33,215,230,-15
2024-03-19 23:10:38,217,232,-15
2024-03-19 23:10:43,218,235,-17
2024-03-19 23:10:48,221,241,-20
2024-03-19 23:10:54,223,243,-20
2024-03-19 23:10:59,226,248,-22
2024-03-19 23:11:04,230,251,-21
2024-03-19 23:11:09,233,254,-21
2024-03-19 23:11:14,236,257,-21
2024-03-19 23:11:19,236,258,-22
2024-03-19 23:11:24,236,258,-22
2024-03-19 23:11:29,239,259,-20
2024-03-19 23:11:34,241,261,-20
2024-03-19 23:11:39,243,263,-20
2024-03-19 23:11:44,243,264,-21
2024-03-19 23:11:49,244,266,-22
2024-03-19 23:11:54,245,270,-25
2024-03-19 23:11:59,245,270,-25
2024-03-19 23:12:04,247,272,-25
2024-03-19 23:12:09,250,277,-27
2024-03-19 23:12:14,251,278,-27
2024-03-19 23:12:19,253,280,-27
2024-03-19 23:12:24,253,282,-29
2024-03-19 23:12:29,253,284,-31
2024-03-19 23:12:34,253,288,-35
2024-03-19 23:12:39,253,290,-37
2024-03-19 23:12:44,254,291,-37
2024-03-19 23:12:49,254,291,-37
2024-03-19 23:12:54,255,294,-39
2024-03-19 23:12:59,255,297,-42
2024-03-19 23:13:05,257,297,-40
2024-03-19 23:13:10,259,301,-42
2024-03-19 23:13:15,260,305,-45
2024-03-19 23:13:20,263,307,-44
2024-03-19 23:13:25,266,309,-43
2024-03-19 23:13:30,270,311,-41
2024-03-19 23:13:35,272,313,-41
2024-03-19 23:13:40,272,315,-43
2024-03-19 23:13:45,273,317,-44
2024-03-19 23:13:50,278,320,-42
2024-03-19 23:13:55,279,323,-44
2024-03-19 23:14:00,282,325,-43
2024-03-19 23:14:05,283,327,-44
2024-03-19 23:14:10,285,328,-43
2024-03-19 23:14:15,285,334,-49
2024-03-19 23:14:20,285,337,-52
2024-03-19 23:14:25,289,339,-50
2024-03-19 23:14:30,289,339,-50
2024-03-19 23:14:35,293,342,-49
2024-03-19 23:14:40,296,345,-49
2024-03-19 23:14:45,297,347,-50
2024-03-19 23:14:50,298,349,-51
2024-03-19 23:14:55,300,349,-49
2024-03-19 23:15:01,302,349,-47
2024-03-19 23:15:06,302,349,-47
2024-03-19 23:15:11,302,349,-47
2024-03-19 23:15:16,303,351,-48
2024-03-19 23:15:21,305,354,-49
2024-03-19 23:15:26,305,356,-51
2024-03-19 23:15:31,306,359,-53
2024-03-19 23:15:36,309,362,-53
2024-03-19 23:15:41,309,363,-54
2024-03-19 23:15:46,312,367,-55
2024-03-19 23:15:51,313,368,-55
2024-03-19 23:15:56,314,371,-57
2024-03-19 23:16:01,314,371,-57
2024-03-19 23:16:06,316,377,-61
2024-03-19 23:16:11,317,379,-62
2024-03-19 23:16:16,318,385,-67
2024-03-19 23:16:21,324,387,-63
2024-03-19 23:16:26,328,389,-61
2024-03-19 23:16:31,329,391,-62
2024-03-19 23:16:36,330,392,-62
2024-03-19 23:16:41,330,393,-63
2024-03-19 23:16:46,334,394,-60
2024-03-19 23:16:51,335,394,-59
2024-03-19 23:16:56,336,399,-63
2024-03-19 23:17:01,339,403,-64
2024-03-19 23:17:06,339,408,-69
2024-03-19 23:17:12,341,410,-69
2024-03-19 23:17:17,341,411,-70
2024-03-19 23:17:22,341,411,-70
2024-03-19 23:17:27,341,412,-71
2024-03-19 23:17:32,341,412,-71
2024-03-19 23:17:37,341,413,-72
2024-03-19 23:17:42,343,413,-70
2024-03-19 23:17:47,345,415,-70
2024-03-19 23:17:52,349,418,-69
2024-03-19 23:17:57,353,421,-68
2024-03-19 23:18:02,353,424,-71
2024-03-19 23:18:07,353,426,-73
2024-03-19 23:18:12,355,426,-71
2024-03-19 23:18:17,362,429,-67
2024-03-19 23:18:22,363,430,-67
2024-03-19 23:18:27,364,431,-67
2024-03-19 23:18:32,369,431,-62
2024-03-19 23:18:37,371,432,-61
2024-03-19 23:18:42,372,437,-65
2024-03-19 23:18:47,375,443,-68
2024-03-19 23:18:52,376,446,-70
2024-03-19 23:18:57,377,449,-72
2024-03-19 23:19:02,378,450,-72
2024-03-19 23:19:07,381,453,-72
2024-03-19 23:19:12,382,459,-77
2024-03-19 23:19:18,384,465,-81
2024-03-19 23:19:23,385,470,-85
2024-03-19 23:19:28,389,473,-84
2024-03-19 23:19:33,392,479,-87
2024-03-19 23:19:38,397,483,-86
2024-03-19 23:19:43,397,485,-88
2024-03-19 23:19:48,399,487,-88
2024-03-19 23:19:53,400,491,-91
2024-03-19 23:19:58,402,495,-93
2024-03-19 23:20:03,405,495,-90
2024-03-19 23:20:08,408,496,-88
2024-03-19 23:20:13,409,503,-94
2024-03-19 23:20:18,410,506,-96
2024-03-19 23:20:23,411,508,-97
2024-03-19 23:20:28,413,509,-96
2024-03-19 23:20:33,413,509,-96
2024-03-19 23:20:38,414,511,-97
2024-03-19 23:20:43,416,514,-98
2024-03-19 23:20:48,418,515,-97
2024-03-19 23:20:53,419,516,-97
2024-03-19 23:20:58,419,517,-98
2024-03-19 23:21:03,421,517,-96
2024-03-19 23:21:08,423,518,-95
2024-03-19 23:21:13,427,518,-91
2024-03-19 23:21:19,429,519,-90
2024-03-19 23:21:24,432,523,-91
2024-03-19 23:21:29,433,524,-91
2024-03-19 23:21:34,435,526,-91
2024-03-19 23:21:39,438,528,-90
2024-03-19 23:21:44,439,529,-90
2024-03-19 23:21:49,443,535,-92
2024-03-19 23:21:54,448,539,-91
2024-03-19 23:21:59,450,546,-96
2024-03-19 23:22:04,452,550,-98
2024-03-19 23:22:09,455,554,-99
2024-03-19 23:22:14,455,554,-99
2024-03-19 23:22:19,457,557,-100
2024-03-19 23:22:24,458,561,-103
2024-03-19 23:22:29,460,564,-104
2024-03-19 23:22:34,463,569,-106
2024-03-19 23:22:39,470,571,-101
2024-03-19 23:22:44,471,571,-100
2024-03-19 23:22:49,475,572,-97
2024-03-19 23:22:54,484,573,-89
2024-03-19 23:22:59,487,574,-87
2024-03-19 23:23:04,488,577,-89
2024-03-19 23:23:09,492,577,-85
2024-03-19 23:23:14,496,577,-81
2024-03-19 23:23:19,497,580,-83
2024-03-19 23:23:24,502,585,-83
2024-03-19 23:23:30,503,586,-83
2024-03-19 23:23:35,503,587,-84
2024-03-19 23:23:40,503,588,-85
2024-03-19 23:23:45,505,588,-83
2024-03-19 23:23:50,513,589,-76
2024-03-19 23:23:55,519,592,-73
2024-03-19 23:24:00,522,596,-74
2024-03-19 23:24:05,525,598,-73
2024-03-19 23:24:10,527,602,-75
2024-03-19 23:24:15,528,603,-75
2024-03-19 23:24:20,533,607,-74
2024-03-19 23:24:25,535,614,-79
2024-03-19 23:24:30,536,618,-82
2024-03-19 23:24:35,536,618,-82
2024-03-19 23:24:40,539,625,-86
2024-03-19 23:24:45,540,629,-89
2024-03-19 23:24:50,543,634,-91
2024-03-19 23:24:55,544,638,-94
2024-03-19 23:25:00,545,641,-96
2024-03-19 23:25:05,546,643,-97
2024-03-19 23:25:10,546,643,-97
2024-03-19 23:25:15,549,644,-95
2024-03-19 23:25:20,551,650,-99
2024-03-19 23:25:25,554,654,-100
2024-03-19 23:25:31,556,659,-103
2024-03-19 23:25:36,558,663,-105
2024-03-19 23:25:41,559,664,-105
2024-03-19 23:25:46,563,668,-105
2024-03-19 23:25:51,563,668,-105
2024-03-19 23:25:56,564,671,-107
2024-03-19 23:26:01,565,673,-108
2024-03-19 23:26:06,568,675,-107
2024-03-19 23:26:11,571,680,-109
2024-03-19 23:26:16,573,680,-107
2024-03-19 23:26:21,577,680,-103
2024-03-19 23:26:26,577,682,-105
2024-03-19 23:26:31,582,684,-102
2024-03-19 23:26:36,587,688,-101
2024-03-19 23:26:41,587,690,-103
2024-03-19 23:26:46,588,694,-106
2024-03-19 23:26:51,589,699,-110
2024-03-19 23:26:56,589,705,-116
2024-03-19 23:27:01,592,708,-116
2024-03-19 23:27:06,595,709,-114
2024-03-19 23:27:11,598,710,-112
2024-03-19 23:27:16,605,711,-106
2024-03-19 23:27:21,608,713,-105
2024-03-19 23:27:26,614,717,-103
2024-03-19 23:27:31,616,722,-106
2024-03-19 23:27:36,618,725,-107
2024-03-19 23:27:41,619,731,-112
2024-03-19 23:27:46,621,731,-110
2024-03-19 23:27:51,622,734,-112
2024-03-19 23:27:56,624,741,-117
2024-03-19 23:28:02,628,746,-118
2024-03-19 23:28:07,631,748,-117
2024-03-19 23:28:12,632,753,-121
2024-03-19 23:28:17,635,755,-120
2024-03-19 23:28:22,640,758,-118
2024-03-19 23:28:27,645,762,-117
2024-03-19 23:28:32,646,764,-118
2024-03-19 23:28:37,651,765,-114
2024-03-19 23:28:42,655,770,-115
2024-03-19 23:28:47,660,771,-111
2024-03-19 23:28:52,661,771,-110
2024-03-19 23:28:57,664,773,-109
2024-03-19 23:29:02,665,775,-110
2024-03-19 23:29:07,667,780,-113
2024-03-19 23:29:12,672,785,-113
2024-03-19 23:29:17,673,789,-116
2024-03-19 23:29:22,677,794,-117
2024-03-19 23:29:27,678,795,-117
2024-03-19 23:29:32,683,800,-117
2024-03-19 23:29:37,685,803,-118
2024-03-19 23:29:42,685,805,-120
2024-03-19 23:29:47,687,810,-123
2024-03-19 23:29:52,689,812,-123
2024-03-19 23:29:57,692,817,-125
2024-03-19 23:30:02,692,821,-129
2024-03-19 23:30:07,695,824,-129
2024-03-19 23:30:12,696,828,-132
2024-03-19 23:30:18,696,831,-135
2024-03-19 23:30:23,696,832,-136
2024-03-19 23:30:28,699,833,-134
2024-03-19 23:30:33,703,835,-132
2024-03-19 23:30:38,705,837,-132
2024-03-19 23:30:43,710,842,-132
2024-03-19 23:30:48,710,843,-133
2024-03-19 23:30:53,713,845,-132
2024-03-19 23:30:58,716,845,-129
2024-03-19 23:31:03,716,850,-134
2024-03-19 23:31:08,719,850,-131
2024-03-19 23:31:13,724,851,-127
2024-03-19 23:31:18,727,853,-126
2024-03-19 23:31:23,730,856,-126
2024-03-19 23:31:28,732,860,-128
2024-03-19 23:31:33,734,862,-128
2024-03-19 23:31:38,734,864,-130
2024-03-19 23:31:43,734,867,-133
2024-03-19 23:31:48,739,873,-134
2024-03-19 23:31:53,743,875,-132
2024-03-19 23:31:58,744,875,-131
2024-03-19 23:32:03,748,876,-128
2024-03-19 23:32:08,749,876,-127
2024-03-19 23:32:13,749,876,-127
2024-03-19 23:32:19,754,879,-125
2024-03-19 23:32:24,756,881,-125
2024-03-19 23:32:29,763,885,-122
2024-03-19 23:32:34,765,891,-126
2024-03-19 23:32:39,766,896,-130
2024-03-19 23:32:44,769,896,-127
2024-03-19 23:32:49,771,898,-127
2024-03-19 23:32:54,771,900,-129
2024-03-19 23:32:59,773,904,-131
2024-03-19 23:33:04,774,909,-135
2024-03-19 23:33:09,774,909,-135
2024-03-19 23:33:14,775,913,-138
2024-03-19 23:33:19,775,914,-139
2024-03-19 23:33:24,778,918,-140
2024-03-19 23:33:29,779,921,-142
2024-03-19 23:33:34,779,925,-146
2024-03-19 23:33:39,782,929,-147
2024-03-19 23:33:44,783,934,-151
2024-03-19 23:33:49,785,937,-152
2024-03-19 23:33:54,789,939,-150
2024-03-19 23:33:59,789,939,-150
2024-03-19 23:34:05,792,941,-149
2024-03-19 23:34:10,794,945,-151
2024-03-19 23:34:15,796,945,-149
2024-03-19 23:34:20,796,948,-152
2024-03-19 23:34:25,803,953,-150
2024-03-19 23:34:30,804,955,-151
2024-03-19 23:34:35,808,959,-151
2024-03-19 23:34:40,811,961,-150
2024-03-19 23:34:45,815,961,-146
2024-03-19 23:34:50,817,963,-146
2024-03-19 23:34:55,820,966,-146
2024-03-19 23:35:00,822,966,-144
2024-03-19 23:35:05,822,967,-145
2024-03-19 23:35:10,822,967,-145
2024-03-19 23:35:15,823,968,-145
2024-03-19 23:35:20,823,970,-147
2024-03-19 23:35:25,826,971,-145
2024-03-19 23:35:30,829,973,-144
2024-03-19 23:35:35,832,976,-144
2024-03-19 23:35:40,833,979,-146
2024-03-19 23:35:45,835,980,-145
2024-03-19 23:35:50,836,983,-147
2024-03-19 23:35:55,837,984,-147
2024-03-19 23:36:01,839,986,-147
2024-03-19 23:36:06,841,989,-148
2024-03-19 23:36:11,844,993,-149
2024-03-19 23:36:16,845,995,-150
2024-03-19 23:36:21,846,1000,-154
2024-03-19 23:36:26,848,1007,-159
2024-03-19 23:36:31,849,1010,-161
2024-03-19 23:36:36,849,1011,-162
2024-03-19 23:36:41,849,1012,-163
2024-03-19 23:36:46,849,1012,-163
2024-03-19 23:36:51,850,1013,-163
2024-03-19 23:36:56,850,1016,-166
2024-03-19 23:37:01,856,1016,-160
2024-03-19 23:37:06,859,1016,-157
2024-03-19 23:37:11,859,1017,-158
2024-03-19 23:37:16,859,1017,-158
2024-03-19 23:37:21,862,1023,-161
2024-03-19 23:37:26,865,1026,-161
2024-03-19 23:37:31,866,1027,-161
2024-03-19 23:37:36,869,1033,-164
2024-03-19 23:37:41,873,1034,-161
2024-03-19 23:37:46,873,1037,-164
2024-03-19 23:37:51,874,1040,-166
2024-03-19 23:37:56,877,1043,-166
2024-03-19 23:38:02,879,1044,-165
2024-03-19 23:38:07,882,1044,-162
2024-03-19 23:38:12,885,1048,-163
2024-03-19 23:38:17,887,1048,-161
2024-03-19 23:38:22,890,1050,-160
2024-03-19 23:38:27,892,1053,-161
2024-03-19 23:38:32,895,1057,-162
2024-03-19 23:38:37,897,1059,-162
2024-03-19 23:38:42,899,1060,-161
2024-03-19 23:38:47,899,1062,-163
2024-03-19 23:38:52,899,1062,-163
2024-03-19 23:38:57,901,1064,-163
2024-03-19 23:39:02,907,1069,-162
2024-03-19 23:39:07,908,1069,-161
2024-03-19 23:39:12,909,1074,-165
2024-03-19 23:39:17,912,1075,-163
2024-03-19 23:39:22,914,1080,-166
2024-03-19 23:39:27,914,1081,-167
2024-03-19 23:39:32,915,1082,-167
2024-03-19 23:39:37,915,1083,-168
2024-03-19 23:39:42,916,1083,-167
2024-03-19 23:39:47,916,1083,-167
2024-03-19 23:39:52,918,1085,-167
2024-03-19 23:39:57,922,1089,-167
2024-03-19 23:40:03,923,1093,-170
2024-03-19 23:40:08,925,1095,-170
2024-03-19 23:40:13,930,1097,-167
2024-03-19 23:40:18,934,1101,-167
2024-03-19 23:40:23,935,1103,-168
2024-03-19 23:40:28,936,1105,-169
2024-03-19 23:40:33,940,1111,-171
2024-03-19 23:40:38,942,1113,-171
2024-03-19 23:40:43,947,1116,-169
2024-03-19 23:40:48,948,1116,-168
2024-03-19 23:40:53,951,1119,-168
2024-03-19 23:40:58,952,1120,-168
2024-03-19 23:41:03,952,1121,-169
2024-03-19 23:41:08,952,1126,-174
2024-03-19 23:41:13,953,1128,-175
2024-03-19 23:41:18,953,1131,-178
2024-03-19 23:41:23,954,1135,-181
2024-03-19 23:41:28,956,1137,-181
2024-03-19 23:41:33,956,1137,-181
2024-03-19 23:41:38,958,1140,-182
2024-03-19 23:41:43,960,1142,-182
2024-03-19 23:41:48,962,1145,-183
2024-03-19 23:41:53,962,1148,-186
2024-03-19 23:41:58,966,1151,-185
2024-03-19 23:42:03,968,1151,-183
2024-03-19 23:42:08,970,1152,-182
2024-03-19 23:42:13,971,1152,-181
2024-03-19 23:42:18,971,1153,-182
2024-03-19 23:42:23,972,1154,-182
2024-03-19 23:42:29,972,1154,-182
2024-03-19 23:42:34,975,1157,-182
2024-03-19 23:42:39,976,1158,-182
2024-03-19 23:42:44,982,1158,-176
2024-03-19 23:42:49,983,1163,-180
2024-03-19 23:42:54,985,1165,-180
2024-03-19 23:42:59,985,1167,-182
2024-03-19 23:43:04,987,1171,-184
2024-03-19 23:43:09,989,1175,-186
2024-03-19 23:43:14,990,1177,-187
2024-03-19 23:43:19,992,1184,-192
2024-03-19 23:43:24,992,1188,-196
2024-03-19 23:43:29,993,1191,-198
2024-03-19 23:43:34,996,1193,-197
2024-03-19 23:43:39,998,1197,-199
2024-03-19 23:43:44,1001,1201,-200
2024-03-19 23:43:49,1004,1201,-197
2024-03-19 23:43:54,1011,1204,-193
2024-03-19 23:43:59,1015,1206,-191
2024-03-19 23:44:04,1018,1209,-191
2024-03-19 23:44:09,1021,1211,-190
2024-03-19 23:44:14,1024,1212,-188
2024-03-19 23:44:19,1028,1212,-184
2024-03-19 23:44:24,1028,1213,-185
2024-03-19 23:44:29,1030,1218,-188
2024-03-19 23:44:34,1030,1219,-189
2024-03-19 23:44:39,1031,1221,-190
2024-03-19 23:44:45,1035,1228,-193
2024-03-19 23:44:50,1039,1228,-189
2024-03-19 23:44:55,1041,1228,-187
2024-03-19 23:45:00,1042,1230,-188
2024-03-19 23:45:05,1043,1233,-190
2024-03-19 23:45:10,1045,1236,-191
2024-03-19 23:45:15,1046,1237,-191
2024-03-19 23:45:20,1048,1237,-189
2024-03-19 23:45:25,1048,1238,-190
2024-03-19 23:45:30,1048,1238,-190
2024-03-19 23:45:35,1052,1242,-190
2024-03-19 23:45:40,1054,1245,-191
2024-03-19 23:45:45,1058,1249,-191
2024-03-19 23:45:50,1059,1252,-193
2024-03-19 23:45:55,1061,1255,-194
2024-03-19 23:46:00,1061,1255,-194
2024-03-19 23:46:05,1066,1258,-192
2024-03-19 23:46:10,1069,1262,-193
2024-03-19 23:46:15,1069,1267,-198
2024-03-19 23:46:20,1071,1267,-196
2024-03-19 23:46:25,1073,1271,-198
2024-03-19 23:46:30,1073,1274,-201
2024-03-19 23:46:35,1076,1276,-200
2024-03-19 23:46:40,1078,1282,-204
2024-03-19 23:46:45,1078,1284,-206
2024-03-19 23:46:50,1079,1287,-208
2024-03-19 23:46:55,1080,1289,-209
2024-03-19 23:47:00,1082,1292,-210
2024-03-19 23:47:05,1085,1293,-208
2024-03-19 23:47:10,1088,1295,-207
2024-03-19 23:47:15,1093,1296,-203
2024-03-19 23:47:20,1094,1299,-205
2024-03-19 23:47:25,1095,1299,-204
2024-03-19 23:47:30,1095,1299,-204
2024-03-19 23:47:36,1096,1301,-205
2024-03-19 23:47:41,1099,1303,-204
2024-03-19 23:47:46,1099,1306,-207
2024-03-19 23:47:51,1099,1311,-212
2024-03-19 23:47:56,1103,1315,-212
2024-03-19 23:48:01,1104,1315,-211
2024-03-19 23:48:06,1107,1316,-209
2024-03-19 23:48:11,1107,1319,-212
2024-03-19 23:48:16,1110,1326,-216
2024-03-19 23:48:21,1111,1328,-217
2024-03-19 23:48:26,1117,1332,-215
2024-03-19 23:48:31,1119,1337,-218
2024-03-19 23:48:36,1121,1342,-221
2024-03-19 23:48:41,1124,1344,-220
2024-03-19 23:48:46,1125,1348,-223
2024-03-19 23:48:51,1127,1353,-226
2024-03-19 23:48:56,1128,1357,-229
2024-03-19 23:49:01,1128,1357,-229
2024-03-19 23:49:06,1130,1361,-231
2024-03-19 23:49:11,1131,1366,-235
2024-03-19 23:49:16,1133,1369,-236
2024-03-19 23:49:21,1135,1371,-236
2024-03-19 23:49:26,1138,1372,-234
2024-03-19 23:49:31,1141,1376,-235
2024-03-19 23:49:36,1144,1376,-232
2024-03-19 23:49:41,1146,1377,-231
2024-03-19 23:49:46,1149,1378,-229
2024-03-19 23:49:51,1152,1378,-226
2024-03-19 23:49:56,1153,1384,-231
2024-03-19 23:50:01,1153,1387,-234
2024-03-19 23:50:07,1155,1390,-235
2024-03-19 23:50:12,1155,1394,-239
2024-03-19 23:50:17,1158,1397,-239
2024-03-19 23:50:22,1159,1400,-241
2024-03-19 23:50:27,1161,1403,-242
2024-03-19 23:50:32,1161,1404,-243
2024-03-19 23:50:37,1163,1406,-243
2024-03-19 23:50:42,1163,1408,-245
2024-03-19 23:50:47,1165,1410,-245
2024-03-19 23:50:52,1167,1411,-244
2024-03-19 23:50:57,1169,1411,-242
2024-03-19 23:51:02,1170,1413,-243
2024-03-19 23:51:07,1174,1415,-241
2024-03-19 23:51:12,1174,1417,-243
2024-03-19 23:51:17,1178,1422,-244
2024-03-19 23:51:22,1179,1424,-245
2024-03-19 23:51:27,1181,1427,-246
2024-03-19 23:51:32,1182,1432,-250
2024-03-19 23:51:37,1184,1434,-250
2024-03-19 23:51:42,1188,1437,-249
2024-03-19 23:51:47,1191,1441,-250
2024-03-19 23:51:52,1194,1448,-254
2024-03-19 23:51:57,1196,1448,-252
2024-03-19 23:52:02,1198,1448,-250
2024-03-19 23:52:07,1201,1450,-249
2024-03-19 23:52:12,1201,1454,-253
2024-03-19 23:52:17,1201,1457,-256
2024-03-19 23:52:22,1204,1458,-254
2024-03-19 23:52:27,1206,1459,-253
2024-03-19 23:52:33,1208,1462,-254
2024-03-19 23:52:38,1209,1468,-259
2024-03-19 23:52:43,1213,1470,-257
2024-03-19 23:52:48,1214,1474,-260
2024-03-19 23:52:53,1214,1474,-260
2024-03-19 23:52:58,1217,1475,-258
2024-03-19 23:53:03,1219,1475,-256
2024-03-19 23:53:08,1221,1479,-258
2024-03-19 23:53:13,1224,1481,-257
2024-03-19 23:53:18,1230,1484,-254
2024-03-19 23:53:23,1233,1486,-253
2024-03-19 23:53:28,1233,1488,-255
2024-03-19 23:53:33,1233,1489,-256
2024-03-19 23:53:38,1233,1489,-256
2024-03-19 23:53:43,1233,1489,-256
2024-03-19 23:53:48,1233,1492,-259
2024-03-19 23:53:53,1233,1493,-260
2024-03-19 23:53:58,1236,1495,-259
2024-03-19 23:54:03,1240,1497,-257
2024-03-19 23:54:08,1242,1500,-258
2024-03-19 23:54:13,1246,1505,-259
2024-03-19 23:54:18,1246,1507,-261
2024-03-19 23:54:23,1247,1509,-262
2024-03-19 23:54:28,1248,1512,-264
2024-03-19 23:54:33,1249,1516,-267
2024-03-19 23:54:38,1250,1520,-270
2024-03-19 23:54:43,1250,1525,-275
2024-03-19 23:54:48,1250,1528,-278
2024-03-19 23:54:53,1250,1531,-281
2024-03-19 23:54:59,1251,1536,-285
2024-03-19 23:55:04,1253,1539,-286
2024-03-19 23:55:09,1253,1541,-288
2024-03-19 23:55:14,1255,1544,-289
2024-03-19 23:55:19,1255,1544,-289
2024-03-19 23:55:24,1255,1547,-292
2024-03-19 23:55:29,1257,1551,-294
2024-03-19 23:55:34,1259,1552,-293
2024-03-19 23:55:39,1260,1552,-292
2024-03-19 23:55:44,1260,1552,-292
2024-03-19 23:55:49,1261,1553,-292
2024-03-19 23:55:54,1265,1555,-290
2024-03-19 23:55:59,1270,1555,-285
2024-03-19 23:56:04,1272,1558,-286
2024-03-19 23:56:09,1274,1562,-288
2024-03-19 23:56:14,1275,1564,-289
2024-03-19 23:56:19,1275,1564,-289
2024-03-19 23:56:24,1275,1564,-289
2024-03-19 23:56:29,1276,1568,-292
2024-03-19 23:56:34,1278,1572,-294
2024-03-19 23:56:39,1280,1577,-297
2024-03-19 23:56:44,1289,1582,-293
2024-03-19 23:56:49,1295,1582,-287
2024-03-19 23:56:54,1298,1584,-286
2024-03-19 23:56:59,1300,1586,-286
2024-03-19 23:57:05,1303,1589,-286
2024-03-19 23:57:10,1304,1591,-287
2024-03-19 23:57:15,1305,1594,-289
2024-03-19 23:57:20,1305,1597,-292
2024-03-19 23:57:25,1306,1600,-294
2024-03-19 23:57:30,1306,1600,-294
2024-03-19 23:57:35,1306,1601,-295
2024-03-19 23:57:40,1307,1601,-294
2024-03-19 23:57:45,1307,1603,-296
2024-03-19 23:57:50,1308,1608,-300
2024-03-19 23:57:55,1310,1612,-302
2024-03-19 23:58:00,1310,1616,-306
2024-03-19 23:58:05,1311,1617,-306
2024-03-19 23:58:10,1317,1620,-303
2024-03-19 23:58:15,1320,1622,-302
2024-03-19 23:58:20,1327,1623,-296
2024-03-19 23:58:25,1330,1623,-293
2024-03-19 23:58:30,1330,1626,-296
2024-03-19 23:58:35,1334,1630,-296
2024-03-19 23:58:40,1334,1632,-298
2024-03-19 23:58:45,1336,1633,-297
2024-03-19 23:58:50,1338,1635,-297
2024-03-19 23:58:55,1340,1638,-298
2024-03-19 23:59:01,1341,1643,-302
2024-03-19 23:59:06,1343,1645,-302
2024-03-19 23:59:11,1343,1645,-302
2024-03-19 23:59:16,1343,1645,-302
2024-03-19 23:59:21,1345,1645,-300
2024-03-19 23:59:26,1349,1649,-300
2024-03-19 23:59:31,1350,1650,-300
2024-03-19 23:59:36,1351,1651,-300
2024-03-19 23:59:41,1352,1654,-302
2024-03-19 23:59:46,1355,1656,-301
2024-03-19 23:59:51,1356,1659,-303
2024-03-19 23:59:56,1359,1662,-303
2024-03-20 00:00:01,1363,1664,-301
2024-03-20 00:00:06,1366,1669,-303
2024-03-20 00:00:11,1367,1671,-304
2024-03-20 00:00:16,1370,1674,-304
2024-03-20 00:00:21,1370,1675,-305
2024-03-20 00:00:26,1370,1677,-307
2024-03-20 00:00:31,1371,1682,-311
2024-03-20 00:00:36,1371,1686,-315
2024-03-20 00:00:41,1371,1691,-320
2024-03-20 00:00:46,1371,1692,-321
2024-03-20 00:00:51,1372,1694,-322
2024-03-20 00:00:56,1373,1696,-323
2024-03-20 00:01:01,1373,1696,-323
2024-03-20 00:01:06,1376,1696,-320
2024-03-20 00:01:11,1379,1697,-318
2024-03-20 00:01:16,1383,1699,-316
2024-03-20 00:01:22,1385,1699,-314
2024-03-20 00:01:27,1388,1702,-314
2024-03-20 00:01:32,1390,1704,-314
2024-03-20 00:01:37,1392,1704,-312
2024-03-20 00:01:42,1393,1707,-314
2024-03-20 00:01:47,1393,1707,-314
2024-03-20 00:01:52,1396,1710,-314
2024-03-20 00:01:57,1398,1713,-315
2024-03-20 00:02:02,1404,1715,-311
2024-03-20 00:02:07,1406,1716,-310
2024-03-20 00:02:12,1409,1719,-310
2024-03-20 00:02:17,1409,1720,-311
2024-03-20 00:02:22,1409,1722,-313
2024-03-20 00:02:27,1410,1723,-313
2024-03-20 00:02:32,1411,1729,-318
2024-03-20 00:02:37,1412,1731,-319
2024-03-20 00:02:42,1412,1733,-321
2024-03-20 00:02:47,1414,1736,-322
2024-03-20 00:02:52,1414,1740,-326
2024-03-20 00:02:57,1414,1743,-329
2024-03-20 00:03:02,1416,1744,-328
2024-03-20 00:03:07,1420,1745,-325
2024-03-20 00:03:12,1423,1746,-323
2024-03-20 00:03:18,1425,1749,-324
2024-03-20 00:03:23,1426,1752,-326
2024-03-20 00:03:28,1426,1754,-328
2024-03-20 00:03:33,1429,1756,-327
2024-03-20 00:03:38,1433,1760,-327
2024-03-20 00:03:43,1435,1762,-327
2024-03-20 00:03:48,1437,1763,-326
2024-03-20 00:03:53,1437,1767,-330
2024-03-20 00:03:58,1438,1771,-333
2024-03-20 00:04:03,1442,1774,-332
2024-03-20 00:04:08,1443,1776,-333
2024-03-20 00:04:13,1444,1777,-333
2024-03-20 00:04:18,1445,1783,-338
2024-03-20 00:04:23,1447,1786,-339
2024-03-20 00:04:28,1448,1788,-340
2024-03-20 00:04:33,1449,1792,-343
2024-03-20 00:04:38,1450,1792,-342
2024-03-20 00:04:43,1451,1796,-345
2024-03-20 00:04:48,1451,1797,-346
2024-03-20 00:04:53,1451,1799,-348
2024-03-20 00:04:59,1454,1800,-346
2024-03-20 00:05:04,1458,1802,-344
2024-03-20 00:05:09,1459,1805,-346
2024-03-20 00:05:14,1460,1806,-346
2024-03-20 00:05:19,1465,1808,-343
2024-03-20 00:05:24,1465,1813,-348
2024-03-20 00:05:29,1466,1814,-348
2024-03-20 00:05:34,1466,1818,-352
2024-03-20 00:05:39,1468,1820,-352
2024-03-20 00:05:44,1469,1822,-353
2024-03-20 00:05:49,1470,1826,-356
2024-03-20 00:05:54,1472,1831,-359
2024-03-20 00:05:59,1473,1833,-360
2024-03-20 00:06:04,1477,1835,-358
2024-03-20 00:06:09,1477,1835,-358
2024-03-20 00:06:14,1477,1837,-360
2024-03-20 00:06:19,1481,1838,-357
2024-03-20 00:06:24,1481,1840,-359
2024-03-20 00:06:29,1481,1842,-361
2024-03-20 00:06:34,1484,1846,-362
2024-03-20 00:06:39,1484,1846,-362
2024-03-20 00:06:44,1484,1850,-366
2024-03-20 00:06:49,1487,1852,-365
2024-03-20 00:06:54,1489,1856,-367
2024-03-20 00:06:59,1490,1856,-366
2024-03-20 00:07:04,1491,1857,-366
2024-03-20 00:07:09,1491,1858,-367
2024-03-20 00:07:14,1493,1858,-365
2024-03-20 00:07:19,1493,1858,-365
2024-03-20 00:07:25,1493,1858,-365
2024-03-20 00:07:30,1495,1860,-365
2024-03-20 00:07:35,1498,1864,-366
2024-03-20 00:07:40,1498,1866,-368
2024-03-20 00:07:45,1499,1868,-369
2024-03-20 00:07:50,1499,1875,-376
2024-03-20 00:07:55,1500,1879,-379
2024-03-20 00:08:00,1503,1879,-376
2024-03-20 00:08:05,1505,1880,-375
2024-03-20 00:08:10,1505,1882,-377
2024-03-20 00:08:15,1508,1884,-376
2024-03-20 00:08:20,1509,1886,-377
2024-03-20 00:08:25,1511,1889,-378
2024-03-20 00:08:30,1514,1890,-376
2024-03-20 00:08:35,1516,1893,-377
2024-03-20 00:08:40,1518,1896,-378
2024-03-20 00:08:45,1518,1898,-380
2024-03-20 00:08:50,1518,1898,-380
2024-03-20 00:08:55,1520,1898,-378
2024-03-20 00:09:00,1521,1898,-377
2024-03-20 00:09:05,1523,1901,-378
2024-03-20 00:09:10,1523,1901,-378
2024-03-20 00:09:15,1525,1905,-380
2024-03-20 00:09:21,1525,1905,-380
2024-03-20 00:09:26,1525,1906,-381
2024-03-20 00:09:31,1526,1909,-383
2024-03-20 00:09:36,1527,1911,-384
2024-03-20 00:09:41,1528,1915,-387
2024-03-20 00:09:46,1529,1919,-390
2024-03-20 00:09:51,1530,1920,-390
2024-03-20 00:09:56,1530,1920,-390
2024-03-20 00:10:01,1531,1922,-391
2024-03-20 00:10:06,1533,1925,-392
2024-03-20 00:10:11,1535,1927,-392
2024-03-20 00:10:16,1539,1928,-389
2024-03-20 00:10:21,1543,1929,-386
2024-03-20 00:10:26,1544,1930,-386
2024-03-20 00:10:31,1545,1930,-385
2024-03-20 00:10:36,1547,1934,-387
2024-03-20 00:10:41,1547,1936,-389
2024-03-20 00:10:46,1549,1941,-392
2024-03-20 00:10:51,1551,1941,-390
2024-03-20 00:10:56,1553,1943,-390
2024-03-20 00:11:01,1557,1945,-388
2024-03-20 00:11:06,1558,1947,-389
2024-03-20 00:11:11,1560,1949,-389
2024-03-20 00:11:17,1561,1952,-391
2024-03-20 00:11:22,1561,1957,-396
2024-03-20 00:11:27,1563,1961,-398
2024-03-20 00:11:32,1565,1962,-397
2024-03-20 00:11:37,1570,1964,-394
2024-03-20 00:11:42,1572,1968,-396
2024-03-20 00:11:47,1574,1972,-398
2024-03-20 00:11:52,1578,1972,-394
2024-03-20 00:11:57,1579,1975,-396
2024-03-20 00:12:02,1581,1979,-398
2024-03-20 00:12:07,1582,1984,-402
2024-03-20 00:12:12,1585,1986,-401
2024-03-20 00:12:17,1589,1987,-398
2024-03-20 00:12:22,1595,1987,-392
2024-03-20 00:12:27,1597,1989,-392
2024-03-20 00:12:32,1598,1993,-395
2024-03-20 00:12:37,1598,1996,-398
2024-03-20 00:12:42,1598,2000,-402
2024-03-20 00:12:47,1598,2000,-402
2024-03-20 00:12:52,1604,2000,-396
2024-03-20 00:12:57,1607,2003,-396
2024-03-20 00:13:02,1607,2007,-400
2024-03-20 00:13:07,1610,2007,-397
2024-03-20 00:13:13,1611,2010,-399
2024-03-20 00:13:18,1613,2012,-399
2024-03-20 00:13:23,1613,2012,-399
2024-03-20 00:13:28,1614,2014,-400
2024-03-20 00:13:33,1615,2017,-402
2024-03-20 00:13:38,1617,2020,-403
2024-03-20 00:13:43,1617,2022,-405
2024-03-20 00:13:48,1617,2024,-407
2024-03-20 00:13:53,1618,2029,-411
2024-03-20 00:13:58,1619,2034,-415
2024-03-20 00:14:03,1619,2035,-416
2024-03-20 00:14:08,1622,2035,-413
2024-03-20 00:14:13,1622,2035,-413
2024-03-20 00:14:18,1624,2037,-413
2024-03-20 00:14:23,1625,2039,-414
2024-03-20 00:14:28,1629,2040,-411
2024-03-20 00:14:33,1633,2041,-408
2024-03-20 00:14:38,1635,2042,-407
2024-03-20 00:14:43,1636,2044,-408
2024-03-20 00:14:48,1639,2044,-405
2024-03-20 00:14:53,1639,2044,-405
2024-03-20 00:14:58,1641,2046,-405
2024-03-20 00:15:03,1642,2046,-404
2024-03-20 00:15:08,1644,2047,-403
2024-03-20 00:15:14,1647,2049,-402
2024-03-20 00:15:19,1649,2050,-401
2024-03-20 00:15:24,1651,2051,-400
2024-03-20 00:15:29,1653,2052,-399
2024-03-20 00:15:34,1653,2054,-401
2024-03-20 00:15:39,1657,2054,-397
2024-03-20 00:15:44,1657,2058,-401
2024-03-20 00:15:49,1659,2061,-402
2024-03-20 00:15:54,1660,2063,-403
2024-03-20 00:15:59,1661,2065,-404
2024-03-20 00:16:04,1664,2069,-405
2024-03-20 00:16:09,1664,2072,-408
2024-03-20 00:16:14,1666,2074,-408
2024-03-20 00:16:19,1666,2077,-411
2024-03-20 00:16:24,1668,2081,-413
2024-03-20 00:16:29,1670,2085,-415
2024-03-20 00:16:34,1670,2086,-416
2024-03-20 00:16:39,1673,2088,-415
2024-03-20 00:16:44,1676,2090,-414
2024-03-20 00:16:49,1678,2092,-414
2024-03-20 00:16:54,1680,2095,-415
2024-03-20 00:16:59,1682,2096,-414
2024-03-20 00:17:04,1684,2097,-413
2024-03-20 00:17:09,1685,2101,-416
2024-03-20 00:17:14,1685,2101,-416
2024-03-20 00:17:20,1686,2103,-417
2024-03-20 00:17:25,1686,2105,-419
2024-03-20 00:17:30,1688,2105,-417
2024-03-20 00:17:35,1691,2106,-415
2024-03-20 00:17:40,1693,2106,-413
2024-03-20 00:17:45,1693,2106,-413
2024-03-20 00:17:50,1696,2106,-410
2024-03-20 00:17:55,1700,2106,-406
2024-03-20 00:18:00,1703,2106,-403
2024-03-20 00:18:05,1704,2108,-404
2024-03-20 00:18:10,1707,2111,-404
2024-03-20 00:18:15,1710,2112,-402
2024-03-20 00:18:20,1710,2112,-402
2024-03-20 00:18:25,1710,2115,-405
2024-03-20 00:18:30,1710,2118,-408
2024-03-20 00:18:35,1712,2121,-409
2024-03-20 00:18:40,1712,2123,-411
2024-03-20 00:18:45,1712,2127,-415
2024-03-20 00:18:50,1713,2127,-414
2024-03-20 00:18:55,1713,2128,-415
2024-03-20 00:19:00,1713,2132,-419
2024-03-20 00:19:05,1716,2136,-420
2024-03-20 00:19:10,1718,2138,-420
2024-03-20 00:19:15,1722,2142,-420
2024-03-20 00:19:20,1725,2146,-421
2024-03-20 00:19:25,1727,2151,-424
2024-03-20 00:19:30,1729,2153,-424
2024-03-20 00:19:35,1732,2156,-424
2024-03-20 00:19:41,1732,2158,-426
2024-03-20 00:19:46,1732,2160,-428
2024-03-20 00:19:51,1735,2163,-428
2024-03-20 00:19:56,1737,2168,-431
2024-03-20 00:20:01,1737,2170,-433
2024-03-20 00:20:06,1740,2172,-432
2024-03-20 00:20:11,1742,2173,-431
2024-03-20 00:20:16,1746,2173,-427
2024-03-20 00:20:21,1748,2173,-425
2024-03-20 00:20:26,1748,2174,-426
2024-03-20 00:20:31,1750,2176,-426
2024-03-20 00:20:36,1751,2182,-431
2024-03-20 00:20:41,1751,2184,-433
2024-03-20 00:20:46,1753,2185,-432
2024-03-20 00:20:51,1754,2188,-434
2024-03-20 00:20:56,1755,2191,-436
2024-03-20 00:21:01,1756,2191,-435
2024-03-20 00:21:06,1756,2194,-438
2024-03-20 00:21:11,1756,2196,-440
2024-03-20 00:21:16,1761,2203,-442
2024-03-20 00:21:21,1762,2207,-445
2024-03-20 00:21:26,1763,2208,-445
2024-03-20 00:21:31,1766,2209,-443
2024-03-20 00:21:36,1767,2213,-446
2024-03-20 00:21:41,1767,2214,-447
2024-03-20 00:21:46,1768,2216,-448
2024-03-20 00:21:52,1770,2219,-449
2024-03-20 00:21:57,1773,2221,-448
2024-03-20 00:22:02,1773,2226,-453
2024-03-20 00:22:07,1773,2229,-456
2024-03-20 00:22:12,1776,2231,-455
2024-03-20 00:22:17,1780,2233,-453
2024-03-20 00:22:22,1782,2235,-453
2024-03-20 00:22:27,1784,2237,-453
2024-03-20 00:22:32,1785,2237,-452
2024-03-20 00:22:37,1791,2239,-448
2024-03-20 00:22:42,1796,2242,-446
2024-03-20 00:22:47,1797,2243,-446
2024-03-20 00:22:52,1798,2245,-447
2024-03-20 00:22:57,1800,2245,-445
2024-03-20 00:23:02,1803,2245,-442
2024-03-20 00:23:07,1804,2246,-442
2024-03-20 00:23:12,1806,2246,-440
2024-03-20 00:23:17,1806,2246,-440
2024-03-20 00:23:22,1808,2247,-439
2024-03-20 00:23:27,1809,2251,-442
2024-03-20 00:23:32,1810,2254,-444
2024-03-20 00:23:37,1813,2255,-442
2024-03-20 00:23:42,1813,2255,-442
2024-03-20 00:23:47,1816,2256,-440
2024-03-20 00:23:52,1817,2258,-441
2024-03-20 00:23:58,1819,2260,-441
2024-03-20 00:24:03,1820,2262,-442
2024-03-20 00:24:08,1823,2266,-443
2024-03-20 00:24:13,1824,2269,-445
2024-03-20 00:24:18,1826,2270,-444
2024-03-20 00:24:23,1828,2273,-445
2024-03-20 00:24:28,1830,2274,-444
2024-03-20 00:24:33,1831,2280,-449
2024-03-20 00:24:38,1832,2280,-448
2024-03-20 00:24:43,1832,2280,-448
2024-03-20 00:24:48,1835,2280,-445
2024-03-20 00:24:53,1838,2281,-443
2024-03-20 00:24:58,1839,2283,-444
2024-03-20 00:25:03,1840,2283,-443
2024-03-20 00:25:08,1842,2288,-446
2024-03-20 00:25:13,1842,2290,-448
2024-03-20 00:25:18,1843,2292,-449
2024-03-20 00:25:23,1843,2292,-449
2024-03-20 00:25:28,1844,2294,-450
2024-03-20 00:25:33,1844,2296,-452
2024-03-20 00:25:38,1844,2297,-453
2024-03-20 00:25:43,1845,2299,-454
2024-03-20 00:25:49,1845,2300,-455
2024-03-20 00:25:54,1846,2300,-454
2024-03-20 00:25:59,1847,2302,-455
2024-03-20 00:26:04,1848,2307,-459
2024-03-20 00:26:09,1848,2310,-462
2024-03-20 00:26:14,1852,2313,-461
2024-03-20 00:26:19,1855,2313,-458
2024-03-20 00:26:24,1857,2313,-456
2024-03-20 00:26:29,1862,2313,-451
2024-03-20 00:26:34,1864,2314,-450
2024-03-20 00:26:39,1866,2317,-451
2024-03-20 00:26:44,1867,2317,-450
2024-03-20 00:26:49,1868,2323,-455
2024-03-20 00:26:54,1869,2327,-458
2024-03-20 00:26:59,1869,2329,-460
2024-03-20 00:27:04,1870,2332,-462
2024-03-20 00:27:09,1871,2333,-462
2024-03-20 00:27:14,1873,2336,-463
2024-03-20 00:27:19,1874,2341,-467
2024-03-20 00:27:24,1875,2346,-471
2024-03-20 00:27:29,1877,2350,-473
2024-03-20 00:27:34,1877,2351,-474
2024-03-20 00:27:39,1877,2354,-477
2024-03-20 00:27:44,1879,2358,-479
2024-03-20 00:27:49,1880,2359,-479
2024-03-20 00:27:54,1880,2362,-482
2024-03-20 00:27:59,1881,2364,-483
2024-03-20 00:28:04,1883,2367,-484
2024-03-20 00:28:09,1884,2369,-485
2024-03-20 00:28:14,1884,2369,-485
2024-03-20 00:28:19,1884,2370,-486
2024-03-20 00:28:24,1886,2371,-485
2024-03-20 00:28:29,1887,2373,-486
2024-03-20 00:28:35,1890,2376,-486
2024-03-20 00:28:40,1892,2378,-486
2024-03-20 00:28:45,1897,2379,-482
2024-03-20 00:28:50,1898,2380,-482
2024-03-20 00:28:55,1902,2384,-482
2024-03-20 00:29:00,1904,2384,-480
2024-03-20 00:29:05,1907,2384,-477
2024-03-20 00:29:10,1908,2385,-477
2024-03-20 00:29:15,1909,2385,-476
2024-03-20 00:29:20,1909,2386,-477
2024-03-20 00:29:25,1911,2389,-478
2024-03-20 00:29:30,1912,2391,-479
2024-03-20 00:29:35,1913,2394,-481
2024-03-20 00:29:40,1914,2394,-480
2024-03-20 00:29:45,1918,2398,-480
2024-03-20 00:29:50,1918,2401,-483
2024-03-20 00:29:55,1919,2403,-484
2024-03-20 00:30:00,1920,2405,-485
2024-03-20 00:30:05,1921,2408,-487
2024-03-20 00:30:10,1925,2409,-484
2024-03-20 00:30:15,1927,2411,-484
2024-03-20 00:30:20,1930,2415,-485
2024-03-20 00:30:25,1931,2420,-489
2024-03-20 00:30:30,1932,2424,-492
2024-03-20 00:30:36,1932,2430,-498
2024-03-20 00:30:41,1932,2431,-499
2024-03-20 00:30:46,1933,2434,-501
2024-03-20 00:30:51,1935,2436,-501
2024-03-20 00:30:56,1938,2439,-501
2024-03-20 00:31:01,1940,2439,-499
2024-03-20 00:31:06,1946,2440,-494
2024-03-20 00:31:11,1947,2442,-495
2024-03-20 00:31:16,1947,2443,-496
2024-03-20 00:31:21,1949,2443,-494
2024-03-20 00:31:26,1953,2445,-492
2024-03-20 00:31:31,1955,2449,-494
2024-03-20 00:31:36,1956,2453,-497
2024-03-20 00:31:41,1959,2453,-494
2024-03-20 00:31:46,1961,2453,-492
2024-03-20 00:31:51,1965,2458,-493
2024-03-20 00:31:56,1969,2463,-494
2024-03-20 00:32:01,1971,2465,-494
2024-03-20 00:32:06,1972,2467,-495
2024-03-20 00:32:11,1975,2471,-496
2024-03-20 00:32:16,1975,2475,-500
2024-03-20 00:32:21,1976,2481,-505
2024-03-20 00:32:26,1977,2484,-507
2024-03-20 00:32:31,1977,2486,-509
2024-03-20 00:32:36,1978,2490,-512
2024-03-20 00:32:41,1980,2495,-515
2024-03-20 00:32:47,1980,2495,-515
2024-03-20 00:32:52,1981,2499,-518
2024-03-20 00:32:57,1982,2500,-518
2024-03-20 00:33:02,1983,2500,-517
2024-03-20 00:33:07,1984,2500,-516
2024-03-20 00:33:12,1988,2502,-514
2024-03-20 00:33:17,1989,2506,-517
2024-03-20 00:33:22,1989,2509,-520
2024-03-20 00:33:27,1993,2511,-518
2024-03-20 00:33:32,1996,2513,-517
2024-03-20 00:33:37,1996,2517,-521
2024-03-20 00:33:42,1997,2518,-521
2024-03-20 00:33:47,2001,2520,-519
2024-03-20 00:33:52,2001,2521,-520
2024-03-20 00:33:57,2003,2523,-520
2024-03-20 00:34:02,2005,2524,-519
2024-03-20 00:34:07,2005,2526,-521
2024-03-20 00:34:12,2005,2528,-523
2024-03-20 00:34:17,2010,2530,-520
2024-03-20 00:34:22,2010,2533,-523
2024-03-20 00:34:27,2012,2534,-522
2024-03-20 00:34:32,2015,2534,-519
2024-03-20 00:34:37,2018,2537,-519
2024-03-20 00:34:42,2018,2539,-521
2024-03-20 00:34:48,2020,2543,-523
2024-03-20 00:34:53,2020,2547,-527
2024-03-20 00:34:58,2020,2548,-528
2024-03-20 00:35:03,2021,2550,-529
2024-03-20 00:35:08,2021,2551,-530
2024-03-20 00:35:13,2022,2553,-531
2024-03-20 00:35:18,2023,2557,-534
2024-03-20 00:35:23,2023,2560,-537
2024-03-20 00:35:28,2027,2567,-540
2024-03-20 00:35:33,2030,2569,-539
2024-03-20 00:35:38,2032,2570,-538
2024-03-20 00:35:43,2034,2572,-538
2024-03-20 00:35:48,2037,2575,-538
2024-03-20 00:35:53,2041,2577,-536
2024-03-20 00:35:58,2045,2580,-535
2024-03-20 00:36:03,2047,2583,-536
2024-03-20 00:36:08,2048,2588,-540
2024-03-20 00:36:13,2050,2591,-541
2024-03-20 00:36:18,2054,2594,-540
2024-03-20 00:36:23,2057,2595,-538
2024-03-20 00:36:28,2061,2596,-535
2024-03-20 00:36:33,2062,2597,-535
2024-03-20 00:36:38,2063,2599,-536
2024-03-20 00:36:43,2065,2600,-535
2024-03-20 00:36:48,2068,2601,-533
2024-03-20 00:36:53,2068,2603,-535
2024-03-20 00:36:58,2069,2605,-536
2024-03-20 00:37:04,2071,2605,-534
2024-03-20 00:37:09,2071,2607,-536
2024-03-20 00:37:14,2071,2608,-537
2024-03-20 00:37:19,2073,2612,-539
2024-03-20 00:37:24,2073,2615,-542
2024-03-20 00:37:29,2075,2618,-543
2024-03-20 00:37:34,2079,2622,-543
2024-03-20 00:37:39,2079,2623,-544
2024-03-20 00:37:44,2080,2626,-546
2024-03-20 00:37:49,2080,2627,-547
2024-03-20 00:37:54,2081,2628,-547
2024-03-20 00:37:59,2082,2633,-551
2024-03-20 00:38:04,2083,2636,-553
2024-03-20 00:38:09,2084,2638,-554
2024-03-20 00:38:14,2085,2640,-555
2024-03-20 00:38:19,2088,2642,-554
2024-03-20 00:38:24,2090,2645,-555
2024-03-20 00:38:29,2094,2646,-552
2024-03-20 00:38:34,2095,2647,-552
2024-03-20 00:38:39,2100,2651,-551
2024-03-20 00:38:44,2102,2653,-551
2024-03-20 00:38:49,2104,2655,-551
2024-03-20 00:38:54,2107,2658,-551
2024-03-20 00:38:59,2108,2661,-553
2024-03-20 00:39:04,2111,2665,-554
2024-03-20 00:39:09,2113,2670,-557
2024-03-20 00:39:14,2114,2674,-560
2024-03-20 00:39:19,2115,2676,-561
2024-03-20 00:39:25,2115,2679,-564
2024-03-20 00:39:30,2117,2683,-566
2024-03-20 00:39:35,2117,2685,-568
2024-03-20 00:39:40,2118,2687,-569
2024-03-20 00:39:45,2119,2687,-568
2024-03-20 00:39:50,2123,2690,-567
2024-03-20 00:39:55,2123,2691,-568
2024-03-20 00:40:00,2123,2692,-569
2024-03-20 00:40:05,2123,2693,-570
2024-03-20 00:40:10,2125,2693,-568
2024-03-20 00:40:15,2129,2696,-567
2024-03-20 00:40:20,2133,2696,-563
2024-03-20 00:40:25,2134,2699,-565
2024-03-20 00:40:30,2137,2703,-566
2024-03-20 00:40:35,2140,2706,-566
2024-03-20 00:40:40,2143,2708,-565
2024-03-20 00:40:45,2147,2710,-563
2024-03-20 00:40:50,2149,2714,-565
2024-03-20 00:40:55,2153,2715,-562
2024-03-20 00:41:00,2154,2717,-563
2024-03-20 00:41:05,2154,2718,-564
2024-03-20 00:41:10,2155,2720,-565
2024-03-20 00:41:15,2158,2721,-563
2024-03-20 00:41:20,2159,2726,-567
2024-03-20 00:41:26,2161,2729,-568
2024-03-20 00:41:31,2163,2730,-567
2024-03-20 00:41:36,2166,2732,-566
2024-03-20 00:41:41,2169,2738,-569
2024-03-20 00:41:46,2170,2739,-569
2024-03-20 00:41:51,2172,2739,-567
2024-03-20 00:41:56,2174,2739,-565
2024-03-20 00:42:01,2177,2742,-565
2024-03-20 00:42:06,2181,2744,-563
2024-03-20 00:42:11,2181,2746,-565
2024-03-20 00:42:16,2182,2746,-564
2024-03-20 00:42:21,2185,2746,-561
2024-03-20 00:42:26,2191,2746,-555
2024-03-20 00:42:31,2193,2749,-556
2024-03-20 00:42:36,2195,2752,-557
2024-03-20 00:42:41,2196,2757,-561
2024-03-20 00:42:46,2201,2759,-558
2024-03-20 00:42:51,2203,2761,-558
2024-03-20 00:42:56,2206,2764,-558
2024-03-20 00:43:01,2208,2768,-560
2024-03-20 00:43:06,2209,2772,-563
2024-03-20 00:43:11,2211,2775,-564
2024-03-20 00:43:16,2213,2778,-565
2024-03-20 00:43:21,2215,2783,-568
2024-03-20 00:43:26,2216,2784,-568
2024-03-20 00:43:31,2217,2786,-569
2024-03-20 00:43:36,2219,2787,-568
2024-03-20 00:43:41,2219,2789,-570
2024-03-20 00:43:47,2221,2789,-568
2024-03-20 00:43:52,2221,2793,-572
2024-03-20 00:43:57,2221,2795,-574
2024-03-20 00:44:02,2222,2799,-577
2024-03-20 00:44:07,2224,2803,-579
2024-03-20 00:44:12,2224,2806,-582
2024-03-20 00:44:17,2225,2808,-583
2024-03-20 00:44:22,2229,2813,-584
2024-03-20 00:44:27,2230,2816,-586
2024-03-20 00:44:32,2230,2818,-588
2024-03-20 00:44:37,2233,2819,-586
2024-03-20 00:44:42,2234,2821,-587
2024-03-20 00:44:47,2236,2823,-587
2024-03-20 00:44:52,2238,2826,-588
2024-03-20 00:44:57,2239,2827,-588
2024-03-20 00:45:02,2241,2827,-586
2024-03-20 00:45:07,2242,2830,-588
2024-03-20 00:45:12,2243,2834,-591
2024-03-20 00:45:17,2245,2837,-592
2024-03-20 00:45:22,2247,2839,-592
2024-03-20 00:45:27,2248,2841,-593
2024-03-20 00:45:32,2249,2843,-594
2024-03-20 00:45:37,2250,2844,-594
2024-03-20 00:45:42,2250,2848,-598
2024-03-20 00:45:47,2250,2849,-599
2024-03-20 00:45:53,2250,2849,-599
2024-03-20 00:45:58,2252,2851,-599
2024-03-20 00:46:03,2252,2853,-601
2024-03-20 00:46:08,2253,2854,-601
2024-03-20 00:46:13,2255,2859,-604
2024-03-20 00:46:18,2257,2862,-605
2024-03-20 00:46:23,2257,2865,-608
2024-03-20 00:46:28,2258,2866,-608
2024-03-20 00:46:33,2259,2869,-610
2024-03-20 00:46:38,2259,2873,-614
2024-03-20 00:46:43,2261,2875,-614
2024-03-20 00:46:48,2262,2876,-614
2024-03-20 00:46:53,2265,2877,-612
2024-03-20 00:46:58,2265,2877,-612
2024-03-20 00:47:03,2267,2877,-610
2024-03-20 00:47:08,2268,2878,-610
2024-03-20 00:47:13,2268,2881,-613
2024-03-20 00:47:18,2269,2883,-614
2024-03-20 00:47:23,2270,2886,-616
2024-03-20 00:47:28,2272,2887,-615
2024-03-20 00:47:33,2274,2887,-613
2024-03-20 00:47:38,2275,2891,-616
2024-03-20 00:47:43,2275,2895,-620
2024-03-20 00:47:48,2276,2896,-620
2024-03-20 00:47:53,2276,2897,-621
2024-03-20 00:47:58,2277,2900,-623
2024-03-20 00:48:03,2278,2900,-622
2024-03-20 00:48:09,2281,2902,-621
2024-03-20 00:48:14,2282,2907,-625
2024-03-20 00:48:19,2286,2910,-624
2024-03-20 00:48:24,2288,2912,-624
2024-03-20 00:48:29,2288,2915,-627
2024-03-20 00:48:34,2290,2917,-627
2024-03-20 00:48:39,2294,2921,-627
2024-03-20 00:48:44,2295,2925,-630
2024-03-20 00:48:49,2296,2928,-632
2024-03-20 00:48:54,2299,2930,-631
2024-03-20 00:48:59,2300,2931,-631
2024-03-20 00:49:04,2300,2936,-636
2024-03-20 00:49:09,2301,2942,-641
2024-03-20 00:49:14,2301,2944,-643
2024-03-20 00:49:19,2302,2948,-646
2024-03-20 00:49:24,2303,2949,-646
2024-03-20 00:49:29,2304,2950,-646
2024-03-20 00:49:34,2305,2953,-648
2024-03-20 00:49:39,2307,2954,-647
2024-03-20 00:49:44,2307,2954,-647
2024-03-20 00:49:49,2308,2954,-646
2024-03-20 00:49:54,2309,2957,-648
2024-03-20 00:49:59,2309,2959,-650
2024-03-20 00:50:04,2310,2960,-650
2024-03-20 00:50:09,2311,2962,-651
2024-03-20 00:50:14,2313,2965,-652
2024-03-20 00:50:19,2316,2972,-656
2024-03-20 00:50:24,2317,2975,-658
2024-03-20 00:50:29,2320,2977,-657
2024-03-20 00:50:34,2324,2979,-655
2024-03-20 00:50:39,2326,2980,-654
2024-03-20 00:50:44,2328,2985,-657
2024-03-20 00:50:49,2334,2990,-656
2024-03-20 00:50:54,2336,2994,-658
2024-03-20 00:51:00,2339,2995,-656
2024-03-20 00:51:05,2341,2997,-656
2024-03-20 00:51:10,2345,3001,-656
2024-03-20 00:51:15,2348,3006,-658
2024-03-20 00:51:20,2352,3008,-656
2024-03-20 00:51:25,2353,3011,-658
2024-03-20 00:51:30,2355,3015,-660
2024-03-20 00:51:35,2356,3020,-664
2024-03-20 00:51:40,2356,3021,-665
2024-03-20 00:51:45,2357,3024,-667
2024-03-20 00:51:50,2358,3026,-668
2024-03-20 00:51:55,2360,3027,-667
2024-03-20 00:52:00,2364,3027,-663
2024-03-20 00:52:05,2365,3028,-663
2024-03-20 00:52:10,2366,3028,-662
2024-03-20 00:52:15,2368,3029,-661
2024-03-20 00:52:20,2369,3030,-661
2024-03-20 00:52:25,2370,3034,-664
2024-03-20 00:52:30,2371,3038,-667
2024-03-20 00:52:35,2372,3042,-670
2024-03-20 00:52:40,2372,3044,-672
2024-03-20 00:52:45,2372,3047,-675
2024-03-20 00:52:50,2373,3049,-676
2024-03-20 00:52:55,2373,3051,-678
2024-03-20 00:53:00,2373,3054,-681
2024-03-20 00:53:05,2374,3057,-683
2024-03-20 00:53:10,2375,3057,-682
2024-03-20 00:53:15,2378,3058,-680
2024-03-20 00:53:21,2380,3060,-680
2024-03-20 00:53:26,2382,3061,-679
2024-03-20 00:53:31,2386,3063,-677
2024-03-20 00:53:36,2387,3063,-676
2024-03-20 00:53:41,2391,3063,-672
2024-03-20 00:53:46,2392,3064,-672
2024-03-20 00:53:51,2393,3066,-673
2024-03-20 00:53:56,2394,3067,-673
2024-03-20 00:54:01,2396,3069,-673
2024-03-20 00:54:06,2398,3072,-674
2024-03-20 00:54:11,2399,3074,-675
2024-03-20 00:54:16,2401,3075,-674
2024-03-20 00:54:21,2403,3078,-675
2024-03-20 00:54:26,2403,3081,-678
2024-03-20 00:54:31,2403,3085,-682
2024-03-20 00:54:36,2403,3087,-684
2024-03-20 00:54:41,2407,3087,-680
2024-03-20 00:54:46,2408,3088,-680
2024-03-20 00:54:51,2409,3090,-681
2024-03-20 00:54:56,2409,3092,-683
2024-03-20 00:55:01,2409,3092,-683
2024-03-20 00:55:06,2411,3098,-687
2024-03-20 00:55:11,2413,3101,-688
2024-03-20 00:55:16,2415,3106,-691
2024-03-20 00:55:21,2416,3110,-694
2024-03-20 00:55:26,2418,3114,-696
2024-03-20 00:55:31,2421,3119,-698
2024-03-20 00:55:37,2424,3122,-698
2024-03-20 00:55:42,2425,3123,-698
2024-03-20 00:55:47,2431,3126,-695
2024-03-20 00:55:52,2435,3126,-691
2024-03-20 00:55:57,2436,3129,-693
2024-03-20 00:56:02,2437,3129,-692
2024-03-20 00:56:07,2439,3134,-695
2024-03-20 00:56:12,2441,3137,-696
2024-03-20 00:56:17,2443,3142,-699
2024-03-20 00:56:22,2444,3144,-700
2024-03-20 00:56:27,2446,3149,-703
2024-03-20 00:56:32,2447,3149,-702
2024-03-20 00:56:37,2449,3150,-701
2024-03-20 00:56:42,2451,3152,-701
2024-03-20 00:56:47,2454,3155,-701
2024-03-20 00:56:52,2456,3157,-701
2024-03-20 00:56:57,2457,3158,-701
2024-03-20 00:57:02,2460,3161,-701
2024-03-20 00:57:07,2463,3164,-701
2024-03-20 00:57:12,2466,3167,-701
2024-03-20 00:57:17,2467,3170,-703
2024-03-20 00:57:22,2468,3172,-704
2024-03-20 00:57:28,2472,3176,-704
2024-03-20 00:57:33,2475,3179,-704
2024-03-20 00:57:38,2476,3182,-706
2024-03-20 00:57:43,2477,3184,-707
2024-03-20 00:57:48,2478,3186,-708
2024-03-20 00:57:53,2478,3187,-709
2024-03-20 00:57:58,2483,3187,-704
2024-03-20 00:58:03,2487,3189,-702
2024-03-20 00:58:08,2487,3189,-702
2024-03-20 00:58:13,2488,3193,-705
2024-03-20 00:58:18,2490,3194,-704
2024-03-20 00:58:23,2491,3196,-705
2024-03-20 00:58:28,2493,3197,-704
2024-03-20 00:58:33,2497,3200,-703
2024-03-20 00:58:38,2498,3204,-706
2024-03-20 00:58:43,2498,3206,-708
2024-03-20 00:58:48,2501,3207,-706
2024-03-20 00:58:53,2504,3211,-707
2024-03-20 00:58:58,2509,3214,-705
2024-03-20 00:59:03,2513,3216,-703
2024-03-20 00:59:08,2513,3216,-703
2024-03-20 00:59:13,2515,3217,-702
2024-03-20 00:59:18,2517,3218,-701
2024-03-20 00:59:23,2518,3218,-700
2024-03-20 00:59:28,2522,3220,-698
2024-03-20 00:59:33,2522,3221,-699
2024-03-20 00:59:39,2523,3225,-702
2024-03-20 00:59:44,2525,3228,-703
2024-03-20 00:59:49,2525,3232,-707
2024-03-20 00:59:54,2525,3235,-710
2024-03-20 00:59:59,2527,3236,-709
2024-03-20 01:00:04,2528,3238,-710
2024-03-20 01:00:09,2530,3241,-711
2024-03-20 01:00:14,2532,3242,-710
2024-03-20 01:00:19,2533,3242,-709
2024-03-20 01:00:24,2537,3246,-709
2024-03-20 01:00:29,2541,3248,-707
2024-03-20 01:00:34,2543,3251,-708
2024-03-20 01:00:39,2544,3255,-711
2024-03-20 01:00:44,2546,3256,-710
2024-03-20 01:00:49,2548,3258,-710
2024-03-20 01:00:54,2551,3261,-710
2024-03-20 01:00:59,2551,3261,-710
2024-03-20 01:01:04,2554,3264,-710
2024-03-20 01:01:09,2554,3268,-714
2024-03-20 01:01:14,2554,3269,-715
2024-03-20 01:01:19,2559,3271,-712
2024-03-20 01:01:24,2560,3273,-713
2024-03-20 01:01:29,2561,3275,-714
2024-03-20 01:01:34,2561,3276,-715
2024-03-20 01:01:39,2563,3280,-717
2024-03-20 01:01:44,2565,3284,-719
2024-03-20 01:01:49,2566,3286,-720
2024-03-20 01:01:54,2571,3292,-721
2024-03-20 01:02:00,2574,3292,-718
2024-03-20 01:02:05,2575,3295,-720
2024-03-20 01:02:10,2577,3295,-718
2024-03-20 01:02:15,2581,3297,-716
2024-03-20 01:02:20,2585,3300,-715
2024-03-20 01:02:25,2588,3304,-716
2024-03-20 01:02:30,2590,3309,-719
2024-03-20 01:02:35,2590,3314,-724
2024-03-20 01:02:40,2591,3317,-726
2024-03-20 01:02:45,2592,3319,-727
2024-03-20 01:02:50,2593,3320,-727
2024-03-20 01:02:55,2595,3324,-729
2024-03-20 01:03:00,2597,3327,-730
2024-03-20 01:03:05,2598,3329,-731
2024-03-20 01:03:10,2599,3331,-732
2024-03-20 01:03:15,2599,3335,-736
2024-03-20 01:03:20,2599,3338,-739
2024-03-20 01:03:25,2602,3339,-737
2024-03-20 01:03:30,2605,3343,-738
2024-03-20 01:03:35,2609,3343,-734
2024-03-20 01:03:40,2610,3345,-735
2024-03-20 01:03:45,2611,3351,-740
2024-03-20 01:03:51,2611,3355,-744
2024-03-20 01:03:56,2612,3358,-746
2024-03-20 01:04:01,2615,3359,-744
2024-03-20 01:04:06,2617,3360,-743
2024-03-20 01:04:11,2623,3360,-737
2024-03-20 01:04:16,2627,3361,-734
2024-03-20 01:04:21,2632,3362,-730
2024-03-20 01:04:26,2634,3362,-728
2024-03-20 01:04:31,2635,3362,-727
2024-03-20 01:04:36,2636,3366,-730
2024-03-20 01:04:41,2641,3367,-726
2024-03-20 01:04:46,2642,3368,-726
2024-03-20 01:04:51,2645,3370,-725
2024-03-20 01:04:56,2648,3373,-725
2024-03-20 01:05:01,2650,3374,-724
2024-03-20 01:05:06,2653,3378,-725
2024-03-20 01:05:11,2654,3380,-726
2024-03-20 01:05:16,2656,3381,-725
2024-03-20 01:05:21,2658,3385,-727
2024-03-20 01:05:26,2661,3387,-726
2024-03-20 01:05:31,2661,3389,-728
2024-03-20 01:05:36,2663,3392,-729
2024-03-20 01:05:41,2665,3395,-730
2024-03-20 01:05:46,2668,3396,-728
2024-03-20 01:05:51,2672,3400,-728
2024-03-20 01:05:56,2674,3401,-727
2024-03-20 01:06:01,2674,3402,-728
2024-03-20 01:06:06,2675,3406,-731
2024-03-20 01:06:12,2677,3410,-733
2024-03-20 01:06:17,2678,3414,-736
2024-03-20 01:06:22,2679,3417,-738
2024-03-20 01:06:27,2680,3420,-740
2024-03-20 01:06:32,2680,3424,-744
2024-03-20 01:06:37,2680,3424,-744
2024-03-20 01:06:42,2684,3427,-743
2024-03-20 01:06:47,2684,3428,-744
2024-03-20 01:06:52,2686,3428,-742
2024-03-20 01:06:57,2690,3428,-738
2024-03-20 01:07:02,2694,3431,-737
2024-03-20 01:07:07,2697,3433,-736
2024-03-20 01:07:12,2699,3436,-737
2024-03-20 01:07:17,2703,3436,-733
2024-03-20 01:07:22,2705,3436,-731
2024-03-20 01:07:27,2709,3438,-729
2024-03-20 01:07:32,2710,3443,-733
2024-03-20 01:07:37,2714,3446,-732
2024-03-20 01:07:42,2715,3448,-733
2024-03-20 01:07:47,2718,3451,-733
2024-03-20 01:07:52,2718,3454,-736
2024-03-20 01:07:57,2721,3455,-734
2024-03-20 01:08:02,2724,3458,-734
2024-03-20 01:08:07,2728,3460,-732
2024-03-20 01:08:12,2731,3462,-731
2024-03-20 01:08:17,2732,3463,-731
2024-03-20 01:08:22,2732,3464,-732
2024-03-20 01:08:27,2732,3467,-735
2024-03-20 01:08:32,2733,3469,-736
2024-03-20 01:08:37,2733,3470,-737
2024-03-20 01:08:43,2738,3471,-733
2024-03-20 01:08:48,2738,3472,-734
2024-03-20 01:08:53,2741,3475,-734
2024-03-20 01:08:58,2743,3477,-734
2024-03-20 01:09:03,2745,3479,-734
2024-03-20 01:09:08,2746,3481,-735
2024-03-20 01:09:13,2748,3481,-733
2024-03-20 01:09:18,2750,3484,-734
2024-03-20 01:09:23,2753,3488,-735
2024-03-20 01:09:28,2755,3493,-738
2024-03-20 01:09:33,2757,3495,-738
2024-03-20 01:09:38,2762,3496,-734
2024-03-20 01:09:43,2765,3497,-732
2024-03-20 01:09:48,2766,3498,-732
2024-03-20 01:09:53,2767,3502,-735
2024-03-20 01:09:58,2768,3503,-735
2024-03-20 01:10:03,2771,3504,-733
2024-03-20 01:10:08,2771,3507,-736
2024-03-20 01:10:13,2774,3509,-735
2024-03-20 01:10:18,2775,3511,-736
2024-03-20 01:10:23,2777,3513,-736
2024-03-20 01:10:28,2778,3514,-736
2024-03-20 01:10:33,2778,3514,-736
2024-03-20 01:10:38,2780,3517,-737
2024-03-20 01:10:43,2780,3518,-738
2024-03-20 01:10:48,2781,3521,-740
2024-03-20 01:10:54,2783,3524,-741
2024-03-20 01:10:59,2785,3525,-740
2024-03-20 01:11:04,2788,3527,-739
2024-03-20 01:11:09,2791,3527,-736
2024-03-20 01:11:14,2794,3527,-733
2024-03-20 01:11:19,2800,3528,-728
2024-03-20 01:11:24,2803,3529,-726
2024-03-20 01:11:29,2807,3531,-724
2024-03-20 01:11:34,2808,3532,-724
2024-03-20 01:11:39,2809,3533,-724
2024-03-20 01:11:44,2810,3534,-724
2024-03-20 01:11:49,2811,3539,-728
2024-03-20 01:11:54,2814,3540,-726
2024-03-20 01:11:59,2816,3540,-724
2024-03-20 01:12:04,2817,3541,-724
2024-03-20 01:12:09,2818,3542,-724
2024-03-20 01:12:14,2822,3544,-722
2024-03-20 01:12:19,2824,3547,-723
2024-03-20 01:12:24,2826,3549,-723
2024-03-20 01:12:29,2827,3551,-724
2024-03-20 01:12:34,2827,3551,-724
2024-03-20 01:12:39,2830,3552,-722
2024-03-20 01:12:44,2831,3554,-723
2024-03-20 01:12:49,2831,3557,-726
2024-03-20 01:12:54,2833,3563,-730
2024-03-20 01:13:00,2834,3566,-732
2024-03-20 01:13:05,2834,3567,-733
2024-03-20 01:13:10,2835,3569,-734
2024-03-20 01:13:15,2837,3574,-737
2024-03-20 01:13:20,2841,3574,-733
2024-03-20 01:13:25,2843,3577,-734
2024-03-20 01:13:30,2846,3581,-735
2024-03-20 01:13:35,2846,3583,-737
2024-03-20 01:13:40,2846,3588,-742
2024-03-20 01:13:45,2848,3591,-743
2024-03-20 01:13:50,2849,3593,-744
2024-03-20 01:13:55,2851,3593,-742
2024-03-20 01:14:00,2853,3596,-743
2024-03-20 01:14:05,2854,3599,-745
2024-03-20 01:14:10,2856,3602,-746
2024-03-20 01:14:15,2857,3604,-747
2024-03-20 01:14:20,2858,3605,-747
2024-03-20 01:14:25,2860,3606,-746
2024-03-20 01:14:30,2861,3609,-748
2024-03-20 01:14:35,2864,3614,-750
2024-03-20 01:14:40,2865,3615,-750
2024-03-20 01:14:45,2867,3618,-751
2024-03-20 01:14:50,2868,3623,-755
2024-03-20 01:14:55,2869,3623,-754
2024-03-20 01:15:01,2869,3625,-756
2024-03-20 01:15:06,2869,3628,-759
2024-03-20 01:15:11,2871,3631,-760
2024-03-20 01:15:16,2872,3632,-760
2024-03-20 01:15:21,2873,3633,-760
2024-03-20 01:15:26,2875,3634,-759
2024-03-20 01:15:31,2877,3634,-757
2024-03-20 01:15:36,2880,3635,-755
2024-03-20 01:15:41,2882,3639,-757
2024-03-20 01:15:46,2885,3641,-756
2024-03-20 01:15:51,2887,3641,-754
2024-03-20 01:15:56,2892,3642,-750
2024-03-20 01:16:01,2894,3643,-749
2024-03-20 01:16:06,2896,3644,-748
2024-03-20 01:16:11,2897,3650,-753
2024-03-20 01:16:16,2900,3652,-752
2024-03-20 01:16:21,2901,3653,-752
2024-03-20 01:16:26,2905,3653,-748
2024-03-20 01:16:31,2907,3654,-747
2024-03-20 01:16:36,2907,3654,-747
2024-03-20 01:16:41,2910,3654,-744
2024-03-20 01:16:47,2912,3656,-744
2024-03-20 01:16:52,2912,3657,-745
2024-03-20 01:16:57,2912,3657,-745
2024-03-20 01:17:02,2916,3660,-744
2024-03-20 01:17:07,2918,3662,-744
2024-03-20 01:17:12,2919,3665,-746
2024-03-20 01:17:17,2919,3667,-748
2024-03-20 01:17:22,2919,3668,-749
2024-03-20 01:17:27,2921,3672,-751
2024-03-20 01:17:32,2922,3672,-750
2024-03-20 01:17:37,2923,3678,-755
2024-03-20 01:17:42,2925,3681,-756
2024-03-20 01:17:47,2926,3681,-755
2024-03-20 01:17:52,2926,3681,-755
2024-03-20 01:17:57,2930,3685,-755
2024-03-20 01:18:02,2934,3687,-753
2024-03-20 01:18:07,2934,3688,-754
2024-03-20 01:18:12,2937,3688,-751
2024-03-20 01:18:17,2938,3689,-751
2024-03-20 01:18:22,2941,3690,-749
2024-03-20 01:18:27,2945,3690,-745
2024-03-20 01:18:32,2948,3695,-747
2024-03-20 01:18:37,2951,3698,-747
2024-03-20 01:18:42,2951,3702,-751
2024-03-20 01:18:47,2951,3704,-753
2024-03-20 01:18:52,2952,3707,-755
2024-03-20 01:18:57,2953,3709,-756
2024-03-20 01:19:02,2953,3710,-757
2024-03-20 01:19:07,2953,3713,-760
2024-03-20 01:19:12,2954,3718,-764
2024-03-20 01:19:17,2955,3718,-763
2024-03-20 01:19:22,2956,3720,-764
2024-03-20 01:19:27,2956,3721,-765
2024-03-20 01:19:32,2957,3722,-765
2024-03-20 01:19:38,2958,3724,-766
2024-03-20 01:19:43,2960,3726,-766
2024-03-20 01:19:48,2960,3726,-766
2024-03-20 01:19:53,2961,3727,-766
2024-03-20 01:19:58,2961,3731,-770
2024-03-20 01:20:03,2963,3736,-773
2024-03-20 01:20:08,2966,3739,-773
2024-03-20 01:20:13,2966,3740,-774
2024-03-20 01:20:18,2968,3741,-773
2024-03-20 01:20:23,2971,3741,-770
2024-03-20 01:20:28,2976,3744,-768
2024-03-20 01:20:33,2977,3746,-769
2024-03-20 01:20:38,2979,3747,-768
2024-03-20 01:20:43,2980,3748,-768
2024-03-20 01:20:48,2982,3751,-769
2024-03-20 01:20:53,2984,3752,-768
2024-03-20 01:20:58,2986,3753,-767
2024-03-20 01:21:03,2987,3754,-767
2024-03-20 01:21:08,2992,3754,-762
2024-03-20 01:21:13,2995,3755,-760
2024-03-20 01:21:18,2997,3759,-762
2024-03-20 01:21:23,2998,3761,-763
2024-03-20 01:21:28,3001,3766,-765
2024-03-20 01:21:33,3001,3767,-766
2024-03-20 01:21:38,3003,3768,-765
2024-03-20 01:21:43,3004,3769,-765
2024-03-20 01:21:49,3006,3771,-765
2024-03-20 01:21:54,3007,3771,-764
2024-03-20 01:21:59,3008,3775,-767
2024-03-20 01:22:04,3009,3781,-772
2024-03-20 01:22:09,3010,3784,-774
2024-03-20 01:22:14,3010,3784,-774
2024-03-20 01:22:19,3011,3785,-774
2024-03-20 01:22:24,3011,3787,-776
2024-03-20 01:22:29,3012,3790,-778
2024-03-20 01:22:34,3014,3793,-779
2024-03-20 01:22:39,3014,3796,-782
2024-03-20 01:22:44,3019,3797,-778
2024-03-20 01:22:49,3020,3799,-779
2024-03-20 01:22:54,3021,3801,-780
2024-03-20 01:22:59,3025,3804,-779
2024-03-20 01:23:04,3026,3807,-781
2024-03-20 01:23:09,3029,3809,-780
2024-03-20 01:23:14,3031,3813,-782
2024-03-20 01:23:19,3034,3815,-781
2024-03-20 01:23:24,3037,3815,-778
2024-03-20 01:23:29,3037,3818,-781
2024-03-20 01:23:34,3039,3820,-781
2024-03-20 01:23:39,3043,3821,-778
2024-03-20 01:23:44,3046,3821,-775
2024-03-20 01:23:49,3049,3822,-773
2024-03-20 01:23:54,3052,3824,-772
2024-03-20 01:23:59,3054,3828,-774
2024-03-20 01:24:04,3055,3831,-776
2024-03-20 01:24:09,3055,3834,-779
2024-03-20 01:24:14,3055,3836,-781
2024-03-20 01:24:20,3058,3843,-785
2024-03-20 01:24:25,3058,3844,-786
2024-03-20 01:24:30,3062,3845,-783
2024-03-20 01:24:35,3064,3847,-783
2024-03-20 01:24:40,3064,3853,-789
2024-03-20 01:24:45,3064,3857,-793
2024-03-20 01:24:50,3064,3862,-798
2024-03-20 01:24:55,3067,3865,-798
2024-03-20 01:25:00,3070,3868,-798
2024-03-20 01:25:05,3070,3872,-802
2024-03-20 01:25:10,3075,3872,-797
2024-03-20 01:25:15,3079,3873,-794
2024-03-20 01:25:20,3081,3875,-794
2024-03-20 01:25:25,3083,3877,-794
2024-03-20 01:25:30,3085,3878,-793
2024-03-20 01:25:35,3089,3878,-789
2024-03-20 01:25:40,3090,3878,-788
2024-03-20 01:25:45,3095,3880,-785
2024-03-20 01:25:50,3095,3880,-785
2024-03-20 01:25:55,3098,3881,-783
2024-03-20 01:26:00,3100,3881,-781
2024-03-20 01:26:05,3103,3883,-780
2024-03-20 01:26:10,3105,3884,-779
2024-03-20 01:26:15,3106,3884,-778
2024-03-20 01:26:20,3108,3887,-779
2024-03-20 01:26:25,3110,3890,-780
2024-03-20 01:26:31,3110,3890,-780
2024-03-20 01:26:36,3110,3890,-780
2024-03-20 01:26:41,3111,3893,-782
2024-03-20 01:26:46,3111,3897,-786
2024-03-20 01:26:51,3112,3899,-787
2024-03-20 01:26:56,3113,3901,-788
2024-03-20 01:27:01,3114,3903,-789
2024-03-20 01:27:06,3117,3905,-788
2024-03-20 01:27:11,3118,3905,-787
2024-03-20 01:27:16,3119,3907,-788
2024-03-20 01:27:21,3123,3909,-786
2024-03-20 01:27:26,3123,3911,-788
2024-03-20 01:27:31,3124,3912,-788
2024-03-20 01:27:36,3127,3913,-786
2024-03-20 01:27:41,3129,3914,-785
2024-03-20 01:27:46,3132,3914,-782
2024-03-20 01:27:51,3136,3915,-779
2024-03-20 01:27:56,3137,3916,-779
2024-03-20 01:28:01,3140,3917,-777
2024-03-20 01:28:06,3143,3920,-777
2024-03-20 01:28:11,3144,3923,-779
2024-03-20 01:28:16,3147,3924,-777
2024-03-20 01:28:21,3148,3925,-777
2024-03-20 01:28:26,3155,3925,-770
2024-03-20 01:28:31,3157,3926,-769
2024-03-20 01:28:36,3159,3927,-768
2024-03-20 01:28:41,3159,3927,-768
2024-03-20 01:28:46,3159,3928,-769
2024-03-20 01:28:51,3159,3928,-769
2024-03-20 01:28:56,3159,3929,-770
2024-03-20 01:29:01,3160,3930,-770
2024-03-20 01:29:07,3163,3931,-768
2024-03-20 01:29:12,3165,3931,-766
2024-03-20 01:29:17,3166,3933,-767
2024-03-20 01:29:22,3168,3935,-767
2024-03-20 01:29:27,3170,3937,-767
2024-03-20 01:29:32,3172,3939,-767
2024-03-20 01:29:37,3172,3941,-769
2024-03-20 01:29:42,3174,3944,-770
2024-03-20 01:29:47,3177,3944,-767
2024-03-20 01:29:52,3178,3949,-771
2024-03-20 01:29:57,3179,3953,-774
2024-03-20 01:30:02,3180,3953,-773
2024-03-20 01:30:07,3182,3957,-775
2024-03-20 01:30:12,3182,3959,-777
2024-03-20 01:30:17,3185,3960,-775
2024-03-20 01:30:22,3187,3961,-774
2024-03-20 01:30:27,3191,3967,-776
2024-03-20 01:30:32,3195,3970,-775
2024-03-20 01:30:37,3196,3972,-776
2024-03-20 01:30:42,3197,3973,-776
2024-03-20 01:30:47,3199,3974,-775
2024-03-20 01:30:52,3202,3977,-775
2024-03-20 01:30:57,3204,3982,-778
2024-03-20 01:31:02,3205,3986,-781
2024-03-20 01:31:07,3209,3989,-780
2024-03-20 01:31:12,3213,3994,-781
2024-03-20 01:31:18,3215,3997,-782
2024-03-20 01:31:23,3216,3997,-781
2024-03-20 01:31:28,3219,3998,-779
2024-03-20 01:31:33,3220,3999,-779
2024-03-20 01:31:38,3221,4002,-781
2024-03-20 01:31:43,3223,4004,-781
2024-03-20 01:31:48,3224,4004,-780
2024-03-20 01:31:53,3226,4005,-779
2024-03-20 01:31:58,3227,4005,-778
2024-03-20 01:32:03,3228,4010,-782
2024-03-20 01:32:08,3231,4014,-783
2024-03-20 01:32:13,3235,4016,-781
2024-03-20 01:32:18,3237,4018,-781
2024-03-20 01:32:23,3242,4021,-779
2024-03-20 01:32:28,3244,4024,-780
2024-03-20 01:32:33,3244,4028,-784
2024-03-20 01:32:38,3247,4033,-786
2024-03-20 01:32:43,3248,4036,-788
2024-03-20 01:32:48,3251,4039,-788
2024-03-20 01:32:53,3251,4043,-792
2024-03-20 01:32:58,3253,4045,-792
2024-03-20 01:33:03,3255,4049,-794
2024-03-20 01:33:08,3258,4051,-793
2024-03-20 01:33:13,3259,4054,-795
2024-03-20 01:33:18,3261,4056,-795
2024-03-20 01:33:23,3261,4057,-796
2024-03-20 01:33:28,3265,4060,-795
2024-03-20 01:33:33,3265,4061,-796
2024-03-20 01:33:38,3267,4062,-795
2024-03-20 01:33:44,3269,4064,-795
2024-03-20 01:33:49,3271,4069,-798
2024-03-20 01:33:54,3274,4070,-796
2024-03-20 01:33:59,3275,4074,-799
2024-03-20 01:34:04,3277,4077,-800
2024-03-20 01:34:09,3277,4080,-803
2024-03-20 01:34:14,3278,4086,-808
2024-03-20 01:34:19,3282,4088,-806
2024-03-20 01:34:24,3284,4091,-807
2024-03-20 01:34:29,3286,4094,-808
2024-03-20 01:34:34,3287,4097,-810
2024-03-20 01:34:39,3287,4099,-812
2024-03-20 01:34:44,3288,4100,-812
2024-03-20 01:34:49,3289,4103,-814
2024-03-20 01:34:54,3290,4107,-817
2024-03-20 01:34:59,3291,4112,-821
2024-03-20 01:35:04,3296,4115,-819
2024-03-20 01:35:09,3299,4117,-818
2024-03-20 01:35:14,3301,4121,-820
2024-03-20 01:35:19,3301,4125,-824
2024-03-20 01:35:24,3302,4129,-827
2024-03-20 01:35:29,3302,4132,-830
2024-03-20 01:35:34,3305,4134,-829
2024-03-20 01:35:39,3306,4138,-832
2024-03-20 01:35:44,3312,4142,-830
2024-03-20 01:35:49,3314,4146,-832
2024-03-20 01:35:54,3314,4148,-834
2024-03-20 01:35:59,3315,4154,-839
2024-03-20 01:36:04,3315,4156,-841
2024-03-20 01:36:09,3315,4159,-844
2024-03-20 01:36:14,3315,4160,-845
2024-03-20 01:36:19,3316,4165,-849
2024-03-20 01:36:24,3318,4167,-849
2024-03-20 01:36:29,3320,4167,-847
2024-03-20 01:36:34,3323,4170,-847
2024-03-20 01:36:40,3324,4171,-847
2024-03-20 01:36:45,3328,4174,-846
2024-03-20 01:36:50,3332,4175,-843
2024-03-20 01:36:55,3336,4180,-844
2024-03-20 01:37:00,3339,4185,-846
2024-03-20 01:37:05,3341,4188,-847
2024-03-20 01:37:10,3344,4189,-845
2024-03-20 01:37:15,3345,4190,-845
2024-03-20 01:37:20,3345,4193,-848
2024-03-20 01:37:25,3348,4194,-846
2024-03-20 01:37:30,3349,4198,-849
2024-03-20 01:37:35,3351,4198,-847
2024-03-20 01:37:40,3353,4202,-849
2024-03-20 01:37:45,3356,4205,-849
2024-03-20 01:37:50,3360,4205,-845
2024-03-20 01:37:55,3361,4207,-846
2024-03-20 01:38:00,3363,4209,-846
2024-03-20 01:38:05,3366,4210,-844
2024-03-20 01:38:10,3366,4213,-847
2024-03-20 01:38:15,3366,4215,-849
2024-03-20 01:38:20,3367,4219,-852
2024-03-20 01:38:25,3367,4224,-857
2024-03-20 01:38:30,3371,4229,-858
2024-03-20 01:38:35,3371,4235,-864
2024-03-20 01:38:40,3371,4239,-868
2024-03-20 01:38:45,3371,4242,-871
2024-03-20 01:38:50,3373,4245,-872
2024-03-20 01:38:55,3374,4248,-874
2024-03-20 01:39:01,3376,4253,-877
2024-03-20 01:39:06,3376,4256,-880
2024-03-20 01:39:11,3377,4262,-885
2024-03-20 01:39:16,3378,4264,-886
2024-03-20 01:39:21,3382,4267,-885
2024-03-20 01:39:26,3385,4273,-888
2024-03-20 01:39:31,3391,4277,-886
2024-03-20 01:39:36,3396,4280,-884
2024-03-20 01:39:41,3399,4280,-881
2024-03-20 01:39:46,3400,4282,-882
2024-03-20 01:39:51,3402,4284,-882
2024-03-20 01:39:56,3404,4285,-881
2024-03-20 01:40:01,3405,4287,-882
2024-03-20 01:40:06,3408,4291,-883
2024-03-20 01:40:11,3408,4295,-887
2024-03-20 01:40:16,3410,4299,-889
2024-03-20 01:40:21,3412,4302,-890
2024-03-20 01:40:26,3412,4307,-895
2024-03-20 01:40:31,3412,4309,-897
2024-03-20 01:40:36,3414,4315,-901
2024-03-20 01:40:41,3415,4316,-901
2024-03-20 01:40:46,3417,4317,-900
2024-03-20 01:40:51,3419,4323,-904
2024-03-20 01:40:56,3419,4327,-908
2024-03-20 01:41:01,3420,4332,-912
2024-03-20 01:41:07,3421,4335,-914
2024-03-20 01:41:12,3423,4339,-916
2024-03-20 01:41:17,3423,4342,-919
2024-03-20 01:41:22,3425,4347,-922
2024-03-20 01:41:27,3428,4350,-922
2024-03-20 01:41:32,3428,4351,-923
2024-03-20 01:41:37,3431,4352,-921
2024-03-20 01:41:42,3434,4353,-919
2024-03-20 01:41:47,3438,4360,-922
2024-03-20 01:41:52,3441,4364,-923
2024-03-20 01:41:57,3442,4366,-924
2024-03-20 01:42:02,3442,4368,-926
2024-03-20 01:42:07,3445,4372,-927
2024-03-20 01:42:12,3446,4372,-926
2024-03-20 01:42:17,3448,4375,-927
2024-03-20 01:42:22,3451,4376,-925
2024-03-20 01:42:27,3453,4377,-924
2024-03-20 01:42:32,3455,4378,-923
2024-03-20 01:42:37,3458,4380,-922
2024-03-20 01:42:42,3460,4382,-922
2024-03-20 01:42:47,3461,4383,-922
2024-03-20 01:42:52,3464,4386,-922
2024-03-20 01:42:57,3467,4386,-919
2024-03-20 01:43:02,3468,4388,-920
2024-03-20 01:43:07,3469,4390,-921
2024-03-20 01:43:12,3472,4392,-920
2024-03-20 01:43:17,3474,4393,-919
2024-03-20 01:43:22,3475,4397,-922
2024-03-20 01:43:27,3475,4397,-922
2024-03-20 01:43:32,3475,4397,-922
2024-03-20 01:43:37,3479,4398,-919
2024-03-20 01:43:42,3480,4400,-920
2024-03-20 01:43:48,3480,4401,-921
2024-03-20 01:43:53,3481,4404,-923
2024-03-20 01:43:58,3483,4405,-922
2024-03-20 01:44:03,3486,4407,-921
2024-03-20 01:44:08,3487,4408,-921
2024-03-20 01:44:13,3487,4409,-922
2024-03-20 01:44:18,3488,4415,-927
2024-03-20 01:44:23,3490,4418,-928
2024-03-20 01:44:28,3492,4420,-928
2024-03-20 01:44:33,3493,4422,-929
2024-03-20 01:44:38,3494,4428,-934
2024-03-20 01:44:43,3495,4430,-935
2024-03-20 01:44:48,3496,4433,-937
2024-03-20 01:44:53,3496,4436,-940
2024-03-20 01:44:58,3500,4436,-936
2024-03-20 01:45:03,3501,4439,-938
2024-03-20 01:45:08,3502,4441,-939
2024-03-20 01:45:13,3503,4443,-940
2024-03-20 01:45:18,3503,4445,-942
2024-03-20 01:45:23,3503,4445,-942
2024-03-20 01:45:28,3506,4445,-939
2024-03-20 01:45:33,3509,4447,-938
2024-03-20 01:45:38,3510,4449,-939
2024-03-20 01:45:43,3514,4451,-937
2024-03-20 01:45:48,3517,4453,-936
2024-03-20 01:45:54,3519,4460,-941
2024-03-20 01:45:59,3523,4466,-943
2024-03-20 01:46:04,3523,4468,-945
2024-03-20 01:46:09,3524,4469,-945
2024-03-20 01:46:14,3527,4471,-944
2024-03-20 01:46:19,3530,4476,-946
2024-03-20 01:46:24,3533,4479,-946
2024-03-20 01:46:29,3537,4483,-946
2024-03-20 01:46:34,3541,4483,-942
2024-03-20 01:46:39,3547,4488,-941
2024-03-20 01:46:44,3549,4490,-941
2024-03-20 01:46:49,3551,4492,-941
2024-03-20 01:46:54,3553,4493,-940
2024-03-20 01:46:59,3557,4496,-939
2024-03-20 01:47:04,3561,4498,-937
2024-03-20 01:47:09,3561,4498,-937
2024-03-20 01:47:14,3561,4500,-939
2024-03-20 01:47:19,3563,4503,-940
2024-03-20 01:47:24,3565,4505,-940
2024-03-20 01:47:29,3567,4509,-942
2024-03-20 01:47:34,3568,4511,-943
2024-03-20 01:47:39,3568,4511,-943
2024-03-20 01:47:44,3568,4511,-943
2024-03-20 01:47:49,3568,4512,-944
2024-03-20 01:47:54,3570,4513,-943
2024-03-20 01:47:59,3570,4517,-947
2024-03-20 01:48:05,3572,4519,-947
2024-03-20 01:48:10,3577,4521,-944
2024-03-20 01:48:15,3579,4522,-943
2024-03-20 01:48:20,3580,4525,-945
2024-03-20 01:48:25,3583,4528,-945
2024-03-20 01:48:30,3586,4531,-945
2024-03-20 01:48:35,3587,4533,-946
2024-03-20 01:48:40,3588,4535,-947
2024-03-20 01:48:45,3590,4540,-950
2024-03-20 01:48:50,3591,4542,-951
2024-03-20 01:48:55,3593,4545,-952
2024-03-20 01:49:00,3593,4547,-954
2024-03-20 01:49:05,3596,4548,-952
2024-03-20 01:49:10,3596,4550,-954
2024-03-20 01:49:15,3599,4552,-953
2024-03-20 01:49:20,3601,4553,-952
2024-03-20 01:49:25,3603,4557,-954
2024-03-20 01:49:30,3603,4559,-956
2024-03-20 01:49:35,3605,4562,-957
2024-03-20 01:49:40,3607,4565,-958
2024-03-20 01:49:45,3613,4566,-953
2024-03-20 01:49:50,3615,4569,-954
2024-03-20 01:49:55,3617,4571,-954
2024-03-20 01:50:00,3619,4573,-954
2024-03-20 01:50:05,3619,4575,-956
2024-03-20 01:50:10,3619,4579,-960
2024-03-20 01:50:15,3620,4581,-961
2024-03-20 01:50:21,3621,4582,-961
2024-03-20 01:50:26,3623,4584,-961
2024-03-20 01:50:31,3623,4586,-963
2024-03-20 01:50:36,3624,4588,-964
2024-03-20 01:50:41,3625,4589,-964
2024-03-20 01:50:46,3627,4592,-965
2024-03-20 01:50:51,3629,4595,-966
2024-03-20 01:50:56,3633,4597,-964
2024-03-20 01:51:01,3638,4602,-964
2024-03-20 01:51:06,3642,4604,-962
2024-03-20 01:51:11,3647,4605,-958
2024-03-20 01:51:16,3647,4607,-960
2024-03-20 01:51:21,3649,4608,-959
2024-03-20 01:51:26,3650,4614,-964
2024-03-20 01:51:31,3652,4615,-963
2024-03-20 01:51:36,3653,4618,-965
2024-03-20 01:51:41,3654,4620,-966
2024-03-20 01:51:46,3654,4621,-967
2024-03-20 01:51:51,3660,4624,-964
2024-03-20 01:51:56,3661,4627,-966
2024-03-20 01:52:01,3661,4628,-967
2024-03-20 01:52:06,3662,4631,-969
2024-03-20 01:52:11,3662,4635,-973
2024-03-20 01:52:16,3662,4637,-975
2024-03-20 01:52:22,3662,4639,-977
2024-03-20 01:52:27,3665,4644,-979
2024-03-20 01:52:32,3667,4647,-980
2024-03-20 01:52:37,3667,4649,-982
2024-03-20 01:52:42,3671,4651,-980
2024-03-20 01:52:47,3674,4653,-979
2024-03-20 01:52:52,3678,4655,-977
2024-03-20 01:52:57,3681,4655,-974
2024-03-20 01:53:02,3683,4658,-975
2024-03-20 01:53:07,3686,4661,-975
2024-03-20 01:53:12,3688,4662,-974
2024-03-20 01:53:17,3689,4664,-975
2024-03-20 01:53:22,3690,4668,-978
2024-03-20 01:53:27,3691,4669,-978
2024-03-20 01:53:32,3693,4670,-977
2024-03-20 01:53:37,3696,4671,-975
2024-03-20 01:53:42,3700,4674,-974
2024-03-20 01:53:47,3700,4676,-976
2024-03-20 01:53:52,3702,4679,-977
2024-03-20 01:53:57,3703,4680,-977
2024-03-20 01:54:02,3705,4682,-977
2024-03-20 01:54:07,3708,4684,-976
2024-03-20 01:54:12,3710,4685,-975
2024-03-20 01:54:17,3713,4691,-978
2024-03-20 01:54:22,3717,4692,-975
2024-03-20 01:54:28,3722,4697,-975
2024-03-20 01:54:33,3723,4701,-978
2024-03-20 01:54:38,3723,4702,-979
2024-03-20 01:54:43,3724,4707,-983
2024-03-20 01:54:48,3725,4709,-984
2024-03-20 01:54:53,3728,4712,-984
2024-03-20 01:54:58,3729,4714,-985
2024-03-20 01:55:03,3730,4716,-986
2024-03-20 01:55:08,3733,4720,-987
2024-03-20 01:55:13,3733,4724,-991
2024-03-20 01:55:18,3734,4727,-993
2024-03-20 01:55:23,3735,4731,-996
2024-03-20 01:55:28,3737,4733,-996
2024-03-20 01:55:33,3737,4736,-999
2024-03-20 01:55:38,3737,4739,-1002
2024-03-20 01:55:43,3739,4741,-1002
2024-03-20 01:55:48,3740,4745,-1005
2024-03-20 01:55:53,3743,4748,-1005
2024-03-20 01:55:58,3743,4750,-1007
2024-03-20 01:56:03,3744,4752,-1008
2024-03-20 01:56:08,3748,4752,-1004
2024-03-20 01:56:13,3752,4753,-1001
2024-03-20 01:56:18,3755,4757,-1002
2024-03-20 01:56:23,3756,4760,-1004
2024-03-20 01:56:29,3758,4764,-1006
2024-03-20 01:56:34,3760,4768,-1008
2024-03-20 01:56:39,3762,4772,-1010
2024-03-20 01:56:44,3762,4773,-1011
2024-03-20 01:56:49,3762,4774,-1012
2024-03-20 01:56:54,3765,4774,-1009
2024-03-20 01:56:59,3765,4774,-1009
2024-03-20 01:57:04,3768,4775,-1007
2024-03-20 01:57:09,3769,4778,-1009
2024-03-20 01:57:14,3769,4778,-1009
2024-03-20 01:57:19,3770,4782,-1012
2024-03-20 01:57:24,3770,4787,-1017
2024-03-20 01:57:29,3771,4793,-1022
2024-03-20 01:57:34,3772,4795,-1023
2024-03-20 01:57:39,3773,4801,-1028
2024-03-20 01:57:44,3774,4806,-1032
2024-03-20 01:57:49,3774,4808,-1034
2024-03-20 01:57:54,3776,4809,-1033
2024-03-20 01:57:59,3780,4811,-1031
2024-03-20 01:58:04,3780,4815,-1035
2024-03-20 01:58:09,3782,4816,-1034
2024-03-20 01:58:14,3784,4817,-1033
2024-03-20 01:58:19,3789,4820,-1031
2024-03-20 01:58:24,3789,4820,-1031
2024-03-20 01:58:29,3790,4821,-1031
2024-03-20 01:58:34,3791,4822,-1031
2024-03-20 01:58:39,3791,4824,-1033
2024-03-20 01:58:45,3793,4824,-1031
2024-03-20 01:58:50,3794,4827,-1033
2024-03-20 01:58:55,3794,4828,-1034
2024-03-20 01:59:00,3796,4831,-1035
2024-03-20 01:59:05,3800,4833,-1033
2024-03-20 01:59:10,3804,4836,-1032
2024-03-20 01:59:15,3810,4839,-1029
2024-03-20 01:59:20,3813,4843,-1030
2024-03-20 01:59:25,3817,4844,-1027
2024-03-20 01:59:30,3820,4845,-1025
2024-03-20 01:59:35,3820,4846,-1026
2024-03-20 01:59:40,3822,4851,-1029
2024-03-20 01:59:45,3822,4856,-1034
2024-03-20 01:59:50,3822,4856,-1034
2024-03-20 01:59:55,3823,4859,-1036
2024-03-20 02:00:00,3823,4861,-1038
2024-03-20 02:00:05,3824,4864,-1040
2024-03-20 02:00:10,3825,4867,-1042
2024-03-20 02:00:15,3826,4870,-1044
2024-03-20 02:00:20,3827,4873,-1046
2024-03-20 02:00:25,3828,4878,-1050
2024-03-20 02:00:31,3829,4880,-1051
2024-03-20 02:00:36,3830,4882,-1052
2024-03-20 02:00:41,3831,4884,-1053
2024-03-20 02:00:46,3833,4885,-1052
2024-03-20 02:00:51,3835,4887,-1052
2024-03-20 02:00:56,3838,4890,-1052
2024-03-20 02:01:01,3841,4892,-1051
2024-03-20 02:01:06,3842,4893,-1051
2024-03-20 02:01:11,3842,4893,-1051
2024-03-20 02:01:16,3842,4895,-1053
2024-03-20 02:01:21,3842,4895,-1053
2024-03-20 02:01:26,3845,4898,-1053
2024-03-20 02:01:31,3846,4903,-1057
2024-03-20 02:01:36,3848,4906,-1058
2024-03-20 02:01:41,3849,4908,-1059
2024-03-20 02:01:46,3851,4911,-1060
2024-03-20 02:01:51,3852,4912,-1060
2024-03-20 02:01:56,3853,4914,-1061
2024-03-20 02:02:01,3856,4915,-1059
2024-03-20 02:02:06,3857,4918,-1061
2024-03-20 02:02:11,3857,4921,-1064
2024-03-20 02:02:16,3858,4922,-1064
2024-03-20 02:02:21,3861,4925,-1064
2024-03-20 02:02:26,3862,4928,-1066
2024-03-20 02:02:31,3863,4930,-1067
2024-03-20 02:02:36,3865,4931,-1066
2024-03-20 02:02:42,3865,4934,-1069
2024-03-20 02:02:47,3867,4939,-1072
2024-03-20 02:02:52,3869,4944,-1075
2024-03-20 02:02:57,3871,4945,-1074
2024-03-20 02:03:02,3875,4948,-1073
2024-03-20 02:03:07,3875,4949,-1074
2024-03-20 02:03:12,3878,4951,-1073
2024-03-20 02:03:17,3879,4956,-1077
2024-03-20 02:03:22,3880,4961,-1081
2024-03-20 02:03:27,3881,4962,-1081
2024-03-20 02:03:32,3885,4963,-1078
2024-03-20 02:03:37,3887,4963,-1076
2024-03-20 02:03:42,3887,4963,-1076
2024-03-20 02:03:47,3888,4966,-1078
2024-03-20 02:03:52,3888,4970,-1082
2024-03-20 02:03:57,3891,4974,-1083
2024-03-20 02:04:02,3892,4976,-1084
2024-03-20 02:04:07,3893,4982,-1089
2024-03-20 02:04:12,3896,4984,-1088
2024-03-20 02:04:17,3901,4985,-1084
2024-03-20 02:04:22,3902,4985,-1083
2024-03-20 02:04:27,3903,4989,-1086
2024-03-20 02:04:32,3905,4990,-1085
2024-03-20 02:04:37,3909,4990,-1081
2024-03-20 02:04:42,3913,4992,-1079
2024-03-20 02:04:47,3916,4993,-1077
2024-03-20 02:04:52,3916,4996,-1080
2024-03-20 02:04:57,3917,4999,-1082
2024-03-20 02:05:03,3919,4999,-1080
2024-03-20 02:05:08,3920,5000,-1080
2024-03-20 02:05:13,3921,5003,-1082
2024-03-20 02:05:18,3922,5008,-1086
2024-03-20 02:05:23,3922,5012,-1090
2024-03-20 02:05:28,3922,5014,-1092
2024-03-20 02:05:33,3922,5017,-1095
2024-03-20 02:05:38,3922,5023,-1101
2024-03-20 02:05:43,3924,5025,-1101
2024-03-20 02:05:48,3924,5027,-1103
2024-03-20 02:05:53,3925,5029,-1104
2024-03-20 02:05:58,3926,5030,-1104
2024-03-20 02:06:03,3927,5032,-1105
2024-03-20 02:06:08,3927,5034,-1107
2024-03-20 02:06:13,3928,5034,-1106
2024-03-20 02:06:18,3931,5035,-1104
2024-03-20 02:06:23,3933,5039,-1106
2024-03-20 02:06:28,3934,5041,-1107
2024-03-20 02:06:33,3935,5043,-1108
2024-03-20 02:06:38,3936,5045,-1109
2024-03-20 02:06:43,3936,5046,-1110
2024-03-20 02:06:48,3939,5049,-1110
2024-03-20 02:06:53,3944,5055,-1111
2024-03-20 02:06:59,3946,5057,-1111
2024-03-20 02:07:04,3948,5057,-1109
2024-03-20 02:07:09,3948,5057,-1109
2024-03-20 02:07:14,3948,5057,-1109
2024-03-20 02:07:19,3948,5059,-1111
2024-03-20 02:07:24,3949,5061,-1112
2024-03-20 02:07:29,3951,5065,-1114
2024-03-20 02:07:34,3954,5066,-1112
2024-03-20 02:07:39,3958,5068,-1110
2024-03-20 02:07:44,3959,5070,-1111
2024-03-20 02:07:49,3959,5073,-1114
2024-03-20 02:07:54,3959,5075,-1116
2024-03-20 02:07:59,3960,5078,-1118
2024-03-20 02:08:04,3963,5081,-1118
2024-03-20 02:08:09,3963,5085,-1122
2024-03-20 02:08:14,3966,5088,-1122
2024-03-20 02:08:19,3968,5088,-1120
2024-03-20 02:08:24,3969,5091,-1122
2024-03-20 02:08:29,3970,5094,-1124
2024-03-20 02:08:34,3970,5097,-1127
2024-03-20 02:08:39,3973,5101,-1128
2024-03-20 02:08:44,3976,5106,-1130
2024-03-20 02:08:49,3976,5106,-1130
2024-03-20 02:08:54,3976,5107,-1131
2024-03-20 02:08:59,3977,5111,-1134
2024-03-20 02:09:04,3978,5115,-1137
2024-03-20 02:09:09,3979,5119,-1140
2024-03-20 02:09:14,3980,5120,-1140
2024-03-20 02:09:19,3981,5121,-1140
2024-03-20 02:09:24,3985,5121,-1136
2024-03-20 02:09:29,3987,5124,-1137
2024-03-20 02:09:34,3991,5125,-1134
2024-03-20 02:09:39,3994,5127,-1133
2024-03-20 02:09:45,3997,5128,-1131
2024-03-20 02:09:50,4000,5134,-1134
2024-03-20 02:09:55,4004,5139,-1135
2024-03-20 02:10:00,4005,5141,-1136
2024-03-20 02:10:05,4010,5144,-1134
2024-03-20 02:10:10,4015,5149,-1134
2024-03-20 02:10:15,4016,5150,-1134
2024-03-20 02:10:20,4016,5150,-1134
2024-03-20 02:10:25,4016,5150,-1134
2024-03-20 02:10:30,4020,5152,-1132
2024-03-20 02:10:35,4021,5155,-1134
2024-03-20 02:10:40,4022,5157,-1135
2024-03-20 02:10:45,4023,5158,-1135
2024-03-20 02:10:50,4025,5161,-1136
2024-03-20 02:10:55,4025,5163,-1138
2024-03-20 02:11:00,4026,5166,-1140
2024-03-20 02:11:05,4026,5168,-1142
2024-03-20 02:11:10,4026,5172,-1146
2024-03-20 02:11:15,4027,5175,-1148
2024-03-20 02:11:20,4031,5178,-1147
2024-03-20 02:11:25,4034,5184,-1150
2024-03-20 02:11:30,4039,5185,-1146
2024-03-20 02:11:35,4040,5186,-1146
2024-03-20 02:11:40,4040,5186,-1146
2024-03-20 02:11:45,4041,5188,-1147
2024-03-20 02:11:50,4042,5191,-1149
2024-03-20 02:11:55,4044,5193,-1149
2024-03-20 02:12:00,4045,5193,-1148
2024-03-20 02:12:06,4045,5196,-1151
2024-03-20 02:12:11,4048,5197,-1149
2024-03-20 02:12:16,4050,5199,-1149
2024-03-20 02:12:21,4050,5200,-1150
2024-03-20 02:12:26,4050,5200,-1150
2024-03-20 02:12:31,4052,5204,-1152
2024-03-20 02:12:36,4053,5205,-1152
2024-03-20 02:12:41,4053,5206,-1153
2024-03-20 02:12:46,4054,5207,-1153
2024-03-20 02:12:51,4055,5209,-1154
2024-03-20 02:12:56,4057,5209,-1152
2024-03-20 02:13:01,4060,5211,-1151
2024-03-20 02:13:06,4064,5214,-1150
2024-03-20 02:13:11,4068,5219,-1151
2024-03-20 02:13:16,4070,5223,-1153
2024-03-20 02:13:21,4072,5226,-1154
2024-03-20 02:13:26,4075,5228,-1153
2024-03-20 02:13:31,4076,5230,-1154
2024-03-20 02:13:36,4076,5232,-1156
2024-03-20 02:13:41,4076,5236,-1160
2024-03-20 02:13:46,4078,5238,-1160
2024-03-20 02:13:51,4080,5242,-1162
2024-03-20 02:13:56,4083,5244,-1161
2024-03-20 02:14:01,4083,5245,-1162
2024-03-20 02:14:06,4086,5248,-1162
2024-03-20 02:14:11,4088,5250,-1162
2024-03-20 02:14:16,4089,5251,-1162
2024-03-20 02:14:21,4092,5252,-1160
2024-03-20 02:14:26,4092,5257,-1165
2024-03-20 02:14:31,4093,5260,-1167
2024-03-20 02:14:37,4095,5263,-1168
2024-03-20 02:14:42,4096,5265,-1169
2024-03-20 02:14:47,4097,5268,-1171
2024-03-20 02:14:52,4099,5272,-1173
2024-03-20 02:14:57,4101,5273,-1172
2024-03-20 02:15:02,4103,5275,-1172
2024-03-20 02:15:07,4108,5276,-1168
2024-03-20 02:15:12,4109,5277,-1168
2024-03-20 02:15:17,4109,5277,-1168
2024-03-20 02:15:22,4113,5280,-1167
2024-03-20 02:15:27,4115,5282,-1167
2024-03-20 02:15:32,4117,5283,-1166
2024-03-20 02:15:37,4118,5285,-1167
2024-03-20 02:15:42,4121,5286,-1165
2024-03-20 02:15:47,4123,5286,-1163
2024-03-20 02:15:52,4127,5290,-1163
2024-03-20 02:15:57,4128,5292,-1164
2024-03-20 02:16:02,4128,5294,-1166
2024-03-20 02:16:07,4129,5296,-1167
2024-03-20 02:16:12,4130,5299,-1169
2024-03-20 02:16:17,4130,5301,-1171
2024-03-20 02:16:22,4131,5304,-1173
2024-03-20 02:16:27,4131,5305,-1174
2024-03-20 02:16:32,4133,5305,-1172
2024-03-20 02:16:37,4135,5311,-1176
2024-03-20 02:16:42,4136,5312,-1176
2024-03-20 02:16:48,4138,5315,-1177
2024-03-20 02:16:53,4139,5316,-1177
2024-03-20 02:16:58,4140,5319,-1179
2024-03-20 02:17:03,4141,5320,-1179
2024-03-20 02:17:08,4143,5324,-1181
2024-03-20 02:17:13,4144,5327,-1183
2024-03-20 02:17:18,4147,5329,-1182
2024-03-20 02:17:23,4148,5330,-1182
2024-03-20 02:17:28,4150,5334,-1184
2024-03-20 02:17:33,4151,5335,-1184
2024-03-20 02:17:38,4152,5335,-1183
2024-03-20 02:17:43,4154,5336,-1182
2024-03-20 02:17:48,4155,5336,-1181
2024-03-20 02:17:53,4155,5339,-1184
2024-03-20 02:17:58,4157,5341,-1184
2024-03-20 02:18:03,4158,5343,-1185
2024-03-20 02:18:08,4160,5345,-1185
2024-03-20 02:18:13,4162,5349,-1187
2024-03-20 02:18:18,4165,5350,-1185
2024-03-20 02:18:23,4166,5354,-1188
2024-03-20 02:18:28,4169,5356,-1187
2024-03-20 02:18:33,4173,5358,-1185
2024-03-20 02:18:38,4174,5361,-1187
2024-03-20 02:18:43,4177,5363,-1186
2024-03-20 02:18:48,4178,5366,-1188
2024-03-20 02:18:53,4182,5368,-1186
2024-03-20 02:18:58,4184,5368,-1184
2024-03-20 02:19:03,4187,5372,-1185
2024-03-20 02:19:08,4188,5375,-1187
2024-03-20 02:19:14,4188,5377,-1189
2024-03-20 02:19:19,4188,5378,-1190
2024-03-20 02:19:24,4191,5380,-1189
2024-03-20 02:19:29,4192,5383,-1191
2024-03-20 02:19:34,4192,5386,-1194
2024-03-20 02:19:39,4192,5388,-1196
2024-03-20 02:19:44,4192,5389,-1197
2024-03-20 02:19:49,4193,5393,-1200
2024-03-20 02:19:54,4194,5395,-1201
2024-03-20 02:19:59,4195,5398,-1203
2024-03-20 02:20:04,4197,5401,-1204
2024-03-20 02:20:09,4198,5402,-1204
2024-03-20 02:20:14,4200,5404,-1204
2024-03-20 02:20:19,4201,5407,-1206
2024-03-20 02:20:24,4201,5409,-1208
2024-03-20 02:20:29,4204,5410,-1206
2024-03-20 02:20:34,4204,5412,-1208
2024-03-20 02:20:39,4205,5412,-1207
2024-03-20 02:20:44,4208,5416,-1208
2024-03-20 02:20:49,4213,5417,-1204
2024-03-20 02:20:55,4214,5420,-1206
2024-03-20 02:21:00,4215,5421,-1206
2024-03-20 02:21:05,4216,5421,-1205
2024-03-20 02:21:10,4218,5423,-1205
2024-03-20 02:21:15,4222,5426,-1204
2024-03-20 02:21:20,4223,5426,-1203
2024-03-20 02:21:25,4223,5427,-1204
2024-03-20 02:21:30,4223,5427,-1204
2024-03-20 02:21:35,4223,5429,-1206
2024-03-20 02:21:40,4225,5432,-1207
2024-03-20 02:21:45,4228,5436,-1208
2024-03-20 02:21:50,4231,5436,-1205
2024-03-20 02:21:55,4232,5438,-1206
2024-03-20 02:22:00,4233,5438,-1205
2024-03-20 02:22:05,4235,5443,-1208
2024-03-20 02:22:10,4236,5445,-1209
2024-03-20 02:22:15,4236,5448,-1212
2024-03-20 02:22:20,4237,5450,-1213
2024-03-20 02:22:25,4240,5451,-1211
2024-03-20 02:22:30,4244,5453,-1209
2024-03-20 02:22:35,4245,5454,-1209
2024-03-20 02:22:40,4248,5454,-1206
2024-03-20 02:22:46,4249,5455,-1206
2024-03-20 02:22:51,4252,5456,-1204
2024-03-20 02:22:56,4252,5458,-1206
2024-03-20 02:23:01,4254,5459,-1205
2024-03-20 02:23:06,4255,5462,-1207
2024-03-20 02:23:11,4255,5462,-1207
2024-03-20 02:23:16,4257,5463,-1206
2024-03-20 02:23:21,4260,5463,-1203
2024-03-20 02:23:26,4260,5463,-1203
2024-03-20 02:23:31,4262,5465,-1203
2024-03-20 02:23:36,4262,5467,-1205
2024-03-20 02:23:41,4262,5469,-1207
2024-03-20 02:23:46,4263,5469,-1206
2024-03-20 02:23:51,4264,5469,-1205
2024-03-20 02:23:56,4271,5469,-1198
2024-03-20 02:24:01,4273,5470,-1197
2024-03-20 02:24:06,4276,5471,-1195
2024-03-20 02:24:11,4278,5472,-1194
2024-03-20 02:24:16,4280,5472,-1192
2024-03-20 02:24:21,4282,5474,-1192
2024-03-20 02:24:26,4285,5474,-1189
2024-03-20 02:24:31,4287,5474,-1187
2024-03-20 02:24:36,4288,5475,-1187
2024-03-20 02:24:41,4288,5477,-1189
2024-03-20 02:24:46,4288,5479,-1191
2024-03-20 02:24:52,4289,5479,-1190
2024-03-20 02:24:57,4290,5479,-1189
2024-03-20 02:25:02,4290,5480,-1190
2024-03-20 02:25:07,4291,5480,-1189
2024-03-20 02:25:12,4291,5480,-1189
2024-03-20 02:25:17,4291,5483,-1192
2024-03-20 02:25:22,4291,5484,-1193
2024-03-20 02:25:27,4292,5485,-1193
2024-03-20 02:25:32,4292,5486,-1194
2024-03-20 02:25:37,4294,5487,-1193
2024-03-20 02:25:42,4295,5487,-1192
2024-03-20 02:25:47,4296,5488,-1192
2024-03-20 02:25:52,4298,5489,-1191
2024-03-20 02:25:57,4298,5490,-1192
2024-03-20 02:26:02,4300,5492,-1192
2024-03-20 02:26:07,4301,5494,-1193
2024-03-20 02:26:12,4302,5497,-1195
2024-03-20 02:26:17,4303,5497,-1194
2024-03-20 02:26:22,4309,5497,-1188
2024-03-20 02:26:27,4312,5497,-1185
2024-03-20 02:26:32,4316,5498,-1182
2024-03-20 02:26:37,4318,5498,-1180
2024-03-20 02:26:42,4319,5500,-1181
2024-03-20 02:26:47,4320,5501,-1181
2024-03-20 02:26:53,4323,5502,-1179
2024-03-20 02:26:58,4323,5503,-1180
2024-03-20 02:27:03,4323,5504,-1181
2024-03-20 02:27:08,4323,5507,-1184
2024-03-20 02:27:13,4323,5509,-1186
2024-03-20 02:27:18,4325,5509,-1184
2024-03-20 02:27:23,4327,5509,-1182
2024-03-20 02:27:28,4329,5510,-1181
2024-03-20 02:27:33,4329,5514,-1185
2024-03-20 02:27:38,4329,5515,-1186
2024-03-20 02:27:43,4330,5516,-1186
2024-03-20 02:27:48,4330,5520,-1190
2024-03-20 02:27:53,4330,5522,-1192
2024-03-20 02:27:58,4332,5525,-1193
2024-03-20 02:28:03,4332,5526,-1194
2024-03-20 02:28:08,4333,5528,-1195
2024-03-20 02:28:13,4334,5530,-1196
2024-03-20 02:28:18,4335,5532,-1197
2024-03-20 02:28:23,4337,5533,-1196
2024-03-20 02:28:28,4338,5535,-1197
2024-03-20 02:28:33,4339,5537,-1198
2024-03-20 02:28:38,4342,5537,-1195
2024-03-20 02:28:44,4343,5537,-1194
2024-03-20 02:28:49,4344,5538,-1194
2024-03-20 02:28:54,4347,5540,-1193
2024-03-20 02:28:59,4350,5541,-1191
2024-03-20 02:29:04,4350,5541,-1191
2024-03-20 02:29:09,4350,5541,-1191
2024-03-20 02:29:14,4353,5543,-1190
2024-03-20 02:29:19,4355,5544,-1189
2024-03-20 02:29:24,4356,5546,-1190
2024-03-20 02:29:29,4356,5547,-1191
2024-03-20 02:29:34,4357,5548,-1191
2024-03-20 02:29:39,4359,5550,-1191
2024-03-20 02:29:44,4359,5553,-1194
2024-03-20 02:29:49,4359,5553,-1194
2024-03-20 02:29:54,4360,5553,-1193
2024-03-20 02:29:59,4362,5555,-1193
2024-03-20 02:30:04,4363,5559,-1196
2024-03-20 02:30:09,4363,5560,-1197
2024-03-20 02:30:14,4365,5562,-1197
2024-03-20 02:30:19,4365,5565,-1200
2024-03-20 02:30:24,4365,5567,-1202
2024-03-20 02:30:29,4365,5569,-1204
2024-03-20 02:30:34,4365,5570,-1205
2024-03-20 02:30:39,4365,5573,-1208
2024-03-20 02:30:44,4365,5575,-1210
2024-03-20 02:30:49,4368,5575,-1207
2024-03-20 02:30:54,4373,5578,-1205
2024-03-20 02:31:00,4374,5578,-1204
2024-03-20 02:31:05,4378,5579,-1201
2024-03-20 02:31:10,4379,5581,-1202
2024-03-20 02:31:15,4381,5583,-1202
2024-03-20 02:31:20,4382,5584,-1202
2024-03-20 02:31:25,4384,5585,-1201
2024-03-20 02:31:30,4387,5585,-1198
2024-03-20 02:31:35,4387,5586,-1199
2024-03-20 02:31:40,4389,5591,-1202
2024-03-20 02:31:45,4390,5595,-1205
2024-03-20 02:31:50,4390,5596,-1206
2024-03-20 02:31:55,4390,5599,-1209
2024-03-20 02:32:00,4390,5601,-1211
2024-03-20 02:32:05,4390,5604,-1214
2024-03-20 02:32:10,4391,5607,-1216
2024-03-20 02:32:15,4392,5609,-1217
2024-03-20 02:32:20,4395,5610,-1215
2024-03-20 02:32:25,4397,5611,-1214
2024-03-20 02:32:30,4397,5611,-1214
2024-03-20 02:32:35,4397,5611,-1214
2024-03-20 02:32:40,4398,5615,-1217
2024-03-20 02:32:45,4398,5616,-1218
2024-03-20 02:32:50,4398,5617,-1219
2024-03-20 02:32:55,4400,5620,-1220
2024-03-20 02:33:01,4400,5621,-1221
2024-03-20 02:33:06,4403,5622,-1219
2024-03-20 02:33:11,4403,5622,-1219
2024-03-20 02:33:16,4403,5623,-1220
2024-03-20 02:33:21,4404,5625,-1221
2024-03-20 02:33:26,4404,5628,-1224
2024-03-20 02:33:31,4405,5631,-1226
2024-03-20 02:33:36,4408,5631,-1223
2024-03-20 02:33:41,4412,5633,-1221
2024-03-20 02:33:46,4412,5635,-1223
2024-03-20 02:33:51,4414,5635,-1221
2024-03-20 02:33:56,4416,5635,-1219
2024-03-20 02:34:01,4416,5635,-1219
2024-03-20 02:34:06,4419,5636,-1217
2024-03-20 02:34:11,4422,5638,-1216
2024-03-20 02:34:16,4423,5639,-1216
2024-03-20 02:34:21,4423,5639,-1216
2024-03-20 02:34:26,4424,5641,-1217
2024-03-20 02:34:31,4424,5642,-1218
2024-03-20 02:34:36,4424,5642,-1218
2024-03-20 02:34:41,4426,5642,-1216
2024-03-20 02:34:47,4428,5643,-1215
2024-03-20 02:34:52,4428,5646,-1218
2024-03-20 02:34:57,4428,5646,-1218
2024-03-20 02:35:02,4428,5648,-1220
2024-03-20 02:35:07,4428,5649,-1221
2024-03-20 02:35:12,4430,5652,-1222
2024-03-20 02:35:17,4430,5655,-1225
2024-03-20 02:35:22,4432,5660,-1228
2024-03-20 02:35:27,4433,5662,-1229
2024-03-20 02:35:32,4433,5665,-1232
2024-03-20 02:35:37,4434,5669,-1235
2024-03-20 02:35:42,4435,5671,-1236
2024-03-20 02:35:47,4435,5672,-1237
2024-03-20 02:35:52,4437,5673,-1236
2024-03-20 02:35:57,4438,5676,-1238
2024-03-20 02:36:02,4439,5677,-1238
2024-03-20 02:36:07,4439,5679,-1240
2024-03-20 02:36:12,4443,5682,-1239
2024-03-20 02:36:17,4445,5684,-1239
2024-03-20 02:36:22,4446,5685,-1239
2024-03-20 02:36:27,4447,5686,-1239
2024-03-20 02:36:32,4450,5688,-1238
2024-03-20 02:36:37,4451,5690,-1239
2024-03-20 02:36:42,4452,5690,-1238
2024-03-20 02:36:47,4453,5691,-1238
2024-03-20 02:36:52,4453,5692,-1239
2024-03-20 02:36:57,4454,5693,-1239
2024-03-20 02:37:02,4455,5695,-1240
2024-03-20 02:37:07,4456,5696,-1240
2024-03-20 02:37:13,4457,5698,-1241
2024-03-20 02:37:18,4457,5701,-1244
2024-03-20 02:37:23,4458,5704,-1246
2024-03-20 02:37:28,4460,5706,-1246
2024-03-20 02:37:33,4463,5706,-1243
2024-03-20 02:37:38,4465,5706,-1241
2024-03-20 02:37:43,4466,5708,-1242
2024-03-20 02:37:48,4467,5708,-1241
2024-03-20 02:37:53,4469,5710,-1241
2024-03-20 02:37:58,4470,5711,-1241
2024-03-20 02:38:03,4473,5715,-1242
2024-03-20 02:38:08,4475,5717,-1242
2024-03-20 02:38:13,4477,5719,-1242
2024-03-20 02:38:18,4481,5722,-1241
2024-03-20 02:38:23,4482,5723,-1241
2024-03-20 02:38:28,4482,5725,-1243
2024-03-20 02:38:33,4482,5729,-1247
2024-03-20 02:38:38,4484,5731,-1247
2024-03-20 02:38:43,4486,5731,-1245
2024-03-20 02:38:48,4486,5734,-1248
2024-03-20 02:38:53,4486,5735,-1249
2024-03-20 02:38:58,4489,5738,-1249
2024-03-20 02:39:03,4490,5741,-1251
2024-03-20 02:39:08,4491,5742,-1251
2024-03-20 02:39:14,4494,5742,-1248
2024-03-20 02:39:19,4497,5745,-1248
2024-03-20 02:39:24,4498,5748,-1250
2024-03-20 02:39:29,4499,5751,-1252
2024-03-20 02:39:34,4499,5754,-1255
2024-03-20 02:39:39,4499,5754,-1255
2024-03-20 02:39:44,4499,5755,-1256
2024-03-20 02:39:49,4500,5756,-1256
2024-03-20 02:39:54,4500,5759,-1259
2024-03-20 02:39:59,4500,5759,-1259
2024-03-20 02:40:04,4500,5762,-1262
2024-03-20 02:40:09,4500,5763,-1263
2024-03-20 02:40:14,4500,5763,-1263
2024-03-20 02:40:19,4502,5763,-1261
2024-03-20 02:40:24,4505,5763,-1258
2024-03-20 02:40:30,4505,5764,-1259
2024-03-20 02:40:35,4506,5767,-1261
2024-03-20 02:40:40,4506,5767,-1261
2024-03-20 02:40:45,4508,5770,-1262
2024-03-20 02:40:50,4511,5772,-1261
2024-03-20 02:40:55,4512,5775,-1263
2024-03-20 02:41:00,4514,5777,-1263
2024-03-20 02:41:05,4516,5777,-1261
2024-03-20 02:41:10,4518,5777,-1259
2024-03-20 02:41:15,4519,5777,-1258
2024-03-20 02:41:20,4521,5778,-1257
2024-03-20 02:41:25,4522,5779,-1257
2024-03-20 02:41:30,4524,5780,-1256
2024-03-20 02:41:35,4524,5781,-1257
2024-03-20 02:41:40,4524,5782,-1258
2024-03-20 02:41:45,4526,5787,-1261
2024-03-20 02:41:50,4526,5790,-1264
2024-03-20 02:41:55,4526,5793,-1267
2024-03-20 02:42:00,4527,5795,-1268
2024-03-20 02:42:06,4528,5797,-1269
2024-03-20 02:42:11,4528,5799,-1271
2024-03-20 02:42:16,4528,5801,-1273
2024-03-20 02:42:21,4528,5803,-1275
2024-03-20 02:42:26,4528,5807,-1279
2024-03-20 02:42:31,4529,5810,-1281
2024-03-20 02:42:36,4529,5812,-1283
2024-03-20 02:42:41,4531,5814,-1283
2024-03-20 02:42:46,4531,5815,-1284
2024-03-20 02:42:51,4532,5817,-1285
2024-03-20 02:42:56,4536,5817,-1281
2024-03-20 02:43:01,4538,5817,-1279
2024-03-20 02:43:06,4541,5817,-1276
2024-03-20 02:43:11,4543,5817,-1274
2024-03-20 02:43:16,4546,5818,-1272
2024-03-20 02:43:21,4546,5820,-1274
2024-03-20 02:43:26,4548,5821,-1273
2024-03-20 02:43:31,4549,5822,-1273
2024-03-20 02:43:36,4551,5824,-1273
2024-03-20 02:43:41,4553,5824,-1271
2024-03-20 02:43:46,4554,5825,-1271
2024-03-20 02:43:51,4556,5828,-1272
2024-03-20 02:43:56,4558,5828,-1270
2024-03-20 02:44:01,4559,5828,-1269
2024-03-20 02:44:06,4560,5828,-1268
2024-03-20 02:44:11,4563,5829,-1266
2024-03-20 02:44:16,4567,5830,-1263
2024-03-20 02:44:22,4568,5832,-1264
2024-03-20 02:44:27,4572,5832,-1260
2024-03-20 02:44:32,4572,5834,-1262
2024-03-20 02:44:37,4572,5835,-1263
2024-03-20 02:44:42,4573,5836,-1263
2024-03-20 02:44:47,4575,5839,-1264
2024-03-20 02:44:52,4575,5841,-1266
2024-03-20 02:44:57,4575,5843,-1268
2024-03-20 02:45:02,4575,5845,-1270
2024-03-20 02:45:07,4575,5846,-1271
2024-03-20 02:45:12,4575,5848,-1273
2024-03-20 02:45:17,4577,5849,-1272
2024-03-20 02:45:22,4579,5851,-1272
2024-03-20 02:45:27,4583,5852,-1269
2024-03-20 02:45:32,4584,5854,-1270
2024-03-20 02:45:37,4585,5854,-1269
2024-03-20 02:45:42,4587,5856,-1269
2024-03-20 02:45:47,4592,5857,-1265
2024-03-20 02:45:52,4593,5858,-1265
2024-03-20 02:45:57,4595,5858,-1263
2024-03-20 02:46:02,4596,5858,-1262
2024-03-20 02:46:07,4599,5860,-1261
2024-03-20 02:46:12,4599,5860,-1261
2024-03-20 02:46:17,4599,5863,-1264
2024-03-20 02:46:22,4599,5864,-1265
2024-03-20 02:46:27,4601,5865,-1264
2024-03-20 02:46:32,4602,5867,-1265
2024-03-20 02:46:37,4604,5872,-1268
2024-03-20 02:46:43,4605,5875,-1270
2024-03-20 02:46:48,4605,5878,-1273
2024-03-20 02:46:53,4605,5881,-1276
2024-03-20 02:46:58,4605,5883,-1278
2024-03-20 02:47:03,4605,5887,-1282
2024-03-20 02:47:08,4606,5890,-1284
2024-03-20 02:47:13,4608,5892,-1284
2024-03-20 02:47:18,4608,5895,-1287
2024-03-20 02:47:23,4608,5897,-1289
2024-03-20 02:47:28,4609,5898,-1289
2024-03-20 02:47:33,4610,5899,-1289
2024-03-20 02:47:38,4611,5900,-1289
2024-03-20 02:47:43,4614,5902,-1288
2024-03-20 02:47:48,4615,5905,-1290
2024-03-20 02:47:53,4616,5907,-1291
2024-03-20 02:47:58,4618,5908,-1290
2024-03-20 02:48:03,4619,5911,-1292
2024-03-20 02:48:08,4621,5916,-1295
2024-03-20 02:48:13,4621,5920,-1299
2024-03-20 02:48:18,4621,5921,-1300
2024-03-20 02:48:23,4622,5923,-1301
2024-03-20 02:48:29,4622,5923,-1301
2024-03-20 02:48:34,4623,5926,-1303
2024-03-20 02:48:39,4623,5928,-1305
2024-03-20 02:48:44,4626,5928,-1302
2024-03-20 02:48:49,4630,5929,-1299
2024-03-20 02:48:54,4631,5931,-1300
2024-03-20 02:48:59,4634,5933,-1299
2024-03-20 02:49:04,4634,5935,-1301
2024-03-20 02:49:09,4637,5938,-1301
2024-03-20 02:49:14,4638,5942,-1304
2024-03-20 02:49:19,4640,5944,-1304
2024-03-20 02:49:24,4642,5944,-1302
2024-03-20 02:49:29,4642,5944,-1302
2024-03-20 02:49:34,4643,5945,-1302
2024-03-20 02:49:39,4645,5948,-1303
2024-03-20 02:49:44,4649,5950,-1301
2024-03-20 02:49:49,4650,5952,-1302
2024-03-20 02:49:54,4651,5952,-1301
2024-03-20 02:49:59,4654,5953,-1299
2024-03-20 02:50:04,4656,5953,-1297
2024-03-20 02:50:09,4660,5953,-1293
2024-03-20 02:50:14,4661,5954,-1293
2024-03-20 02:50:19,4662,5956,-1294
2024-03-20 02:50:25,4663,5957,-1294
2024-03-20 02:50:30,4666,5957,-1291
2024-03-20 02:50:35,4669,5958,-1289
2024-03-20 02:50:40,4671,5958,-1287
2024-03-20 02:50:45,4673,5959,-1286
2024-03-20 02:50:50,4675,5959,-1284
2024-03-20 02:50:55,4677,5963,-1286
2024-03-20 02:51:00,4681,5966,-1285
2024-03-20 02:51:05,4683,5966,-1283
2024-03-20 02:51:10,4683,5967,-1284
2024-03-20 02:51:15,4683,5968,-1285
2024-03-20 02:51:20,4684,5969,-1285
2024-03-20 02:51:25,4687,5970,-1283
2024-03-20 02:51:30,4690,5971,-1281
2024-03-20 02:51:35,4692,5973,-1281
2024-03-20 02:51:40,4692,5975,-1283
2024-03-20 02:51:45,4694,5978,-1284
2024-03-20 02:51:50,4694,5981,-1287
2024-03-20 02:51:55,4695,5983,-1288
2024-03-20 02:52:00,4697,5984,-1287
2024-03-20 02:52:05,4697,5988,-1291
2024-03-20 02:52:10,4699,5989,-1290
2024-03-20 02:52:15,4699,5993,-1294
2024-03-20 02:52:21,4703,5997,-1294
2024-03-20 02:52:26,4705,6001,-1296
2024-03-20 02:52:31,4705,6003,-1298
2024-03-20 02:52:36,4706,6005,-1299
2024-03-20 02:52:41,4708,6007,-1299
2024-03-20 02:52:46,4709,6009,-1300
2024-03-20 02:52:51,4712,6012,-1300
2024-03-20 02:52:56,4714,6014,-1300
2024-03-20 02:53:01,4716,6016,-1300
2024-03-20 02:53:06,4717,6016,-1299
2024-03-20 02:53:11,4720,6016,-1296
2024-03-20 02:53:16,4721,6016,-1295
2024-03-20 02:53:21,4723,6019,-1296
2024-03-20 02:53:26,4724,6022,-1298
2024-03-20 02:53:31,4725,6024,-1299
2024-03-20 02:53:36,4730,6026,-1296
2024-03-20 02:53:41,4730,6027,-1297
2024-03-20 02:53:46,4730,6027,-1297
2024-03-20 02:53:51,4732,6030,-1298
2024-03-20 02:53:56,4732,6031,-1299
2024-03-20 02:54:01,4733,6032,-1299
2024-03-20 02:54:06,4736,6035,-1299
2024-03-20 02:54:11,4737,6035,-1298
2024-03-20 02:54:16,4738,6036,-1298
2024-03-20 02:54:21,4739,6038,-1299
2024-03-20 02:54:26,4741,6039,-1298
2024-03-20 02:54:31,4743,6040,-1297
2024-03-20 02:54:37,4743,6043,-1300
2024-03-20 02:54:42,4745,6045,-1300
2024-03-20 02:54:47,4746,6045,-1299
2024-03-20 02:54:52,4749,6047,-1298
2024-03-20 02:54:57,4753,6048,-1295
2024-03-20 02:55:02,4754,6051,-1297
2024-03-20 02:55:07,4755,6052,-1297
2024-03-20 02:55:12,4759,6055,-1296
2024-03-20 02:55:17,4761,6057,-1296
2024-03-20 02:55:22,4763,6058,-1295
2024-03-20 02:55:27,4763,6061,-1298
2024-03-20 02:55:32,4763,6063,-1300
2024-03-20 02:55:37,4765,6068,-1303
2024-03-20 02:55:42,4766,6071,-1305
2024-03-20 02:55:47,4769,6074,-1305
2024-03-20 02:55:52,4771,6078,-1307
2024-03-20 02:55:57,4773,6079,-1306
2024-03-20 02:56:02,4773,6082,-1309
2024-03-20 02:56:07,4775,6084,-1309
2024-03-20 02:56:12,4775,6087,-1312
2024-03-20 02:56:17,4778,6088,-1310
2024-03-20 02:56:22,4780,6089,-1309
2024-03-20 02:56:27,4782,6091,-1309
2024-03-20 02:56:32,4783,6092,-1309
2024-03-20 02:56:38,4783,6093,-1310
2024-03-20 02:56:43,4783,6094,-1311
2024-03-20 02:56:48,4783,6094,-1311
2024-03-20 02:56:53,4783,6095,-1312
2024-03-20 02:56:58,4783,6097,-1314
2024-03-20 02:57:03,4783,6097,-1314
2024-03-20 02:57:08,4785,6100,-1315
2024-03-20 02:57:13,4787,6102,-1315
2024-03-20 02:57:18,4788,6103,-1315
2024-03-20 02:57:23,4789,6104,-1315
2024-03-20 02:57:28,4790,6105,-1315
2024-03-20 02:57:33,4792,6107,-1315
2024-03-20 02:57:38,4793,6110,-1317
2024-03-20 02:57:43,4794,6112,-1318
2024-03-20 02:57:48,4797,6113,-1316
2024-03-20 02:57:53,4798,6114,-1316
2024-03-20 02:57:58,4798,6115,-1317
2024-03-20 02:58:03,4798,6116,-1318
2024-03-20 02:58:08,4798,6120,-1322
2024-03-20 02:58:13,4799,6121,-1322
2024-03-20 02:58:18,4802,6121,-1319
2024-03-20 02:58:23,4804,6121,-1317
2024-03-20 02:58:29,4805,6124,-1319
2024-03-20 02:58:34,4807,6127,-1320
2024-03-20 02:58:39,4807,6130,-1323
2024-03-20 02:58:44,4807,6131,-1324
2024-03-20 02:58:49,4808,6131,-1323
2024-03-20 02:58:54,4808,6133,-1325
2024-03-20 02:58:59,4809,6135,-1326
2024-03-20 02:59:04,4810,6137,-1327
2024-03-20 02:59:09,4813,6137,-1324
2024-03-20 02:59:14,4814,6142,-1328
2024-03-20 02:59:19,4818,6145,-1327
2024-03-20 02:59:24,4818,6147,-1329
2024-03-20 02:59:29,4818,6148,-1330
2024-03-20 02:59:34,4818,6150,-1332
2024-03-20 02:59:39,4818,6150,-1332
2024-03-20 02:59:44,4818,6154,-1336
2024-03-20 02:59:49,4821,6156,-1335
2024-03-20 02:59:54,4822,6157,-1335
2024-03-20 02:59:59,4825,6159,-1334
2024-03-20 03:00:04,4827,6160,-1333
2024-03-20 03:00:09,4828,6160,-1332
2024-03-20 03:00:14,4828,6160,-1332
2024-03-20 03:00:20,4830,6162,-1332
2024-03-20 03:00:25,4830,6163,-1333
2024-03-20 03:00:30,4832,6168,-1336
2024-03-20 03:00:35,4833,6172,-1339
2024-03-20 03:00:40,4836,6174,-1338
2024-03-20 03:00:45,4838,6175,-1337
2024-03-20 03:00:50,4839,6176,-1337
2024-03-20 03:00:55,4840,6177,-1337
2024-03-20 03:01:00,4844,6179,-1335
2024-03-20 03:01:05,4845,6180,-1335
2024-03-20 03:01:10,4847,6183,-1336
2024-03-20 03:01:15,4848,6185,-1337
2024-03-20 03:01:20,4848,6186,-1338
2024-03-20 03:01:25,4848,6188,-1340
2024-03-20 03:01:30,4850,6189,-1339
2024-03-20 03:01:35,4852,6190,-1338
2024-03-20 03:01:40,4854,6192,-1338
2024-03-20 03:01:45,4856,6194,-1338
2024-03-20 03:01:50,4858,6196,-1338
2024-03-20 03:01:55,4860,6196,-1336
2024-03-20 03:02:00,4861,6196,-1335
2024-03-20 03:02:05,4861,6196,-1335
2024-03-20 03:02:10,4861,6198,-1337
2024-03-20 03:02:15,4862,6199,-1337
2024-03-20 03:02:20,4863,6201,-1338
2024-03-20 03:02:25,4863,6204,-1341
2024-03-20 03:02:31,4863,6204,-1341
2024-03-20 03:02:36,4863,6204,-1341
2024-03-20 03:02:41,4864,6204,-1340
2024-03-20 03:02:46,4866,6205,-1339
2024-03-20 03:02:51,4867,6207,-1340
2024-03-20 03:02:56,4868,6210,-1342
2024-03-20 03:03:01,4869,6211,-1342
2024-03-20 03:03:06,4869,6212,-1343
2024-03-20 03:03:11,4869,6213,-1344
2024-03-20 03:03:16,4870,6214,-1344
2024-03-20 03:03:21,4872,6215,-1343
2024-03-20 03:03:26,4873,6217,-1344
2024-03-20 03:03:31,4873,6219,-1346
2024-03-20 03:03:36,4873,6220,-1347
2024-03-20 03:03:41,4875,6220,-1345
2024-03-20 03:03:46,4879,6222,-1343
2024-03-20 03:03:51,4879,6223,-1344
2024-03-20 03:03:56,4879,6224,-1345
2024-03-20 03:04:01,4880,6227,-1347
2024-03-20 03:04:06,4880,6228,-1348
2024-03-20 03:04:11,4881,6230,-1349
2024-03-20 03:04:16,4883,6232,-1349
2024-03-20 03:04:21,4884,6234,-1350
2024-03-20 03:04:26,4885,6236,-1351
2024-03-20 03:04:32,4885,6237,-1352
2024-03-20 03:04:37,4885,6238,-1353
2024-03-20 03:04:42,4889,6240,-1351
2024-03-20 03:04:47,4890,6240,-1350
2024-03-20 03:04:52,4891,6240,-1349
2024-03-20 03:04:57,4895,6240,-1345
2024-03-20 03:05:02,4899,6240,-1341
2024-03-20 03:05:07,4901,6241,-1340
2024-03-20 03:05:12,4901,6241,-1340
2024-03-20 03:05:17,4905,6243,-1338
2024-03-20 03:05:22,4905,6247,-1342
2024-03-20 03:05:27,4906,6249,-1343
2024-03-20 03:05:32,4907,6249,-1342
2024-03-20 03:05:37,4910,6250,-1340
2024-03-20 03:05:42,4913,6252,-1339
2024-03-20 03:05:47,4913,6253,-1340
2024-03-20 03:05:52,4914,6256,-1342
2024-03-20 03:05:57,4917,6260,-1343
2024-03-20 03:06:02,4919,6264,-1345
2024-03-20 03:06:07,4919,6265,-1346
2024-03-20 03:06:12,4921,6271,-1350
2024-03-20 03:06:17,4921,6272,-1351
2024-03-20 03:06:22,4921,6274,-1353
2024-03-20 03:06:28,4921,6276,-1355
2024-03-20 03:06:33,4921,6278,-1357
2024-03-20 03:06:38,4923,6279,-1356
2024-03-20 03:06:43,4925,6281,-1356
2024-03-20 03:06:48,4927,6284,-1357
2024-03-20 03:06:53,4928,6286,-1358
2024-03-20 03:06:58,4930,6286,-1356
2024-03-20 03:07:03,4933,6288,-1355
2024-03-20 03:07:08,4933,6290,-1357
2024-03-20 03:07:13,4934,6294,-1360
2024-03-20 03:07:18,4935,6296,-1361
2024-03-20 03:07:23,4935,6299,-1364
2024-03-20 03:07:28,4935,6302,-1367
2024-03-20 03:07:33,4937,6305,-1368
2024-03-20 03:07:38,4938,6306,-1368
2024-03-20 03:07:43,4939,6306,-1367
2024-03-20 03:07:48,4939,6309,-1370
2024-03-20 03:07:53,4939,6311,-1372
2024-03-20 03:07:58,4939,6313,-1374
2024-03-20 03:08:03,4940,6315,-1375
2024-03-20 03:08:08,4941,6316,-1375
2024-03-20 03:08:13,4942,6316,-1374
2024-03-20 03:08:18,4944,6320,-1376
2024-03-20 03:08:23,4946,6320,-1374
2024-03-20 03:08:28,4947,6320,-1373
2024-03-20 03:08:33,4951,6320,-1369
2024-03-20 03:08:38,4952,6322,-1370
2024-03-20 03:08:43,4955,6323,-1368
2024-03-20 03:08:48,4957,6324,-1367
2024-03-20 03:08:53,4957,6325,-1368
2024-03-20 03:08:58,4957,6329,-1372
2024-03-20 03:09:03,4958,6332,-1374
2024-03-20 03:09:08,4958,6334,-1376
2024-03-20 03:09:14,4960,6334,-1374
2024-03-20 03:09:19,4963,6334,-1371
2024-03-20 03:09:24,4968,6335,-1367
2024-03-20 03:09:29,4969,6337,-1368
2024-03-20 03:09:34,4971,6338,-1367
2024-03-20 03:09:39,4972,6341,-1369
2024-03-20 03:09:44,4973,6343,-1370
2024-03-20 03:09:49,4973,6347,-1374
2024-03-20 03:09:54,4974,6349,-1375
2024-03-20 03:09:59,4977,6350,-1373
2024-03-20 03:10:04,4978,6351,-1373
2024-03-20 03:10:09,4978,6354,-1376
2024-03-20 03:10:14,4978,6355,-1377
2024-03-20 03:10:19,4978,6358,-1380
2024-03-20 03:10:24,4980,6359,-1379
2024-03-20 03:10:29,4981,6361,-1380
2024-03-20 03:10:34,4981,6361,-1380
2024-03-20 03:10:39,4982,6362,-1380
2024-03-20 03:10:44,4982,6364,-1382
2024-03-20 03:10:49,4983,6365,-1382
2024-03-20 03:10:54,4985,6365,-1380
2024-03-20 03:10:59,4989,6365,-1376
2024-03-20 03:11:04,4992,6365,-1373
2024-03-20 03:11:09,4996,6365,-1369
2024-03-20 03:11:14,4996,6368,-1372
2024-03-20 03:11:19,4997,6368,-1371
2024-03-20 03:11:25,5000,6369,-1369
2024-03-20 03:11:30,5002,6369,-1367
2024-03-20 03:11:35,5003,6369,-1366
2024-03-20 03:11:40,5005,6372,-1367
2024-03-20 03:11:45,5007,6374,-1367
2024-03-20 03:11:50,5008,6378,-1370
2024-03-20 03:11:55,5008,6379,-1371
2024-03-20 03:12:00,5009,6382,-1373
2024-03-20 03:12:05,5012,6383,-1371
2024-03-20 03:12:10,5012,6384,-1372
2024-03-20 03:12:15,5014,6385,-1371
2024-03-20 03:12:20,5017,6387,-1370
2024-03-20 03:12:25,5018,6389,-1371
2024-03-20 03:12:30,5018,6389,-1371
2024-03-20 03:12:35,5020,6390,-1370
2024-03-20 03:12:40,5022,6391,-1369
2024-03-20 03:12:45,5023,6393,-1370
2024-03-20 03:12:50,5025,6394,-1369
2024-03-20 03:12:55,5029,6396,-1367
2024-03-20 03:13:00,5032,6398,-1366
2024-03-20 03:13:05,5033,6399,-1366
2024-03-20 03:13:10,5035,6399,-1364
2024-03-20 03:13:15,5038,6401,-1363
2024-03-20 03:13:20,5041,6402,-1361
2024-03-20 03:13:25,5041,6405,-1364
2024-03-20 03:13:30,5041,6408,-1367
2024-03-20 03:13:35,5041,6412,-1371
2024-03-20 03:13:41,5041,6415,-1374
2024-03-20 03:13:46,5042,6417,-1375
2024-03-20 03:13:51,5044,6420,-1376
2024-03-20 03:13:56,5044,6421,-1377
2024-03-20 03:14:01,5048,6423,-1375
2024-03-20 03:14:06,5051,6423,-1372
2024-03-20 03:14:11,5051,6424,-1373
2024-03-20 03:14:16,5055,6426,-1371
2024-03-20 03:14:21,5056,6429,-1373
2024-03-20 03:14:26,5056,6430,-1374
2024-03-20 03:14:31,5058,6430,-1372
2024-03-20 03:14:36,5060,6432,-1372
2024-03-20 03:14:41,5060,6432,-1372
2024-03-20 03:14:46,5061,6433,-1372
2024-03-20 03:14:51,5063,6434,-1371
2024-03-20 03:14:56,5066,6436,-1370
2024-03-20 03:15:01,5067,6437,-1370
2024-03-20 03:15:06,5067,6438,-1371
2024-03-20 03:15:11,5068,6438,-1370
2024-03-20 03:15:16,5068,6439,-1371
2024-03-20 03:15:21,5068,6440,-1372
2024-03-20 03:15:26,5069,6444,-1375
2024-03-20 03:15:31,5070,6446,-1376
2024-03-20 03:15:36,5072,6447,-1375
2024-03-20 03:15:42,5073,6449,-1376
2024-03-20 03:15:47,5076,6451,-1375
2024-03-20 03:15:52,5077,6452,-1375
2024-03-20 03:15:57,5078,6452,-1374
2024-03-20 03:16:02,5079,6453,-1374
2024-03-20 03:16:07,5080,6455,-1375
2024-03-20 03:16:12,5081,6457,-1376
2024-03-20 03:16:17,5082,6457,-1375
2024-03-20 03:16:22,5084,6458,-1374
2024-03-20 03:16:27,5085,6459,-1374
2024-03-20 03:16:32,5088,6460,-1372
2024-03-20 03:16:37,5090,6461,-1371
2024-03-20 03:16:42,5091,6462,-1371
2024-03-20 03:16:47,5091,6465,-1374
2024-03-20 03:16:52,5091,6467,-1376
2024-03-20 03:16:57,5093,6471,-1378
2024-03-20 03:17:02,5094,6475,-1381
2024-03-20 03:17:07,5098,6477,-1379
2024-03-20 03:17:12,5098,6480,-1382
2024-03-20 03:17:17,5099,6482,-1383
2024-03-20 03:17:22,5099,6482,-1383
2024-03-20 03:17:27,5101,6486,-1385
2024-03-20 03:17:32,5103,6488,-1385
2024-03-20 03:17:37,5105,6492,-1387
2024-03-20 03:17:42,5107,6494,-1387
2024-03-20 03:17:48,5109,6494,-1385
2024-03-20 03:17:53,5113,6495,-1382
2024-03-20 03:17:58,5114,6496,-1382
2024-03-20 03:18:03,5116,6497,-1381
2024-03-20 03:18:08,5117,6499,-1382
2024-03-20 03:18:13,5120,6501,-1381
2024-03-20 03:18:18,5121,6503,-1382
2024-03-20 03:18:23,5121,6505,-1384
2024-03-20 03:18:28,5122,6507,-1385
2024-03-20 03:18:33,5123,6510,-1387
2024-03-20 03:18:38,5127,6510,-1383
2024-03-20 03:18:43,5129,6511,-1382
2024-03-20 03:18:48,5131,6512,-1381
2024-03-20 03:18:53,5134,6513,-1379
2024-03-20 03:18:58,5136,6515,-1379
2024-03-20 03:19:03,5137,6518,-1381
2024-03-20 03:19:08,5138,6519,-1381
2024-03-20 03:19:13,5140,6520,-1380
2024-03-20 03:19:18,5143,6523,-1380
2024-03-20 03:19:23,5144,6527,-1383
2024-03-20 03:19:28,5148,6529,-1381
2024-03-20 03:19:33,5148,6530,-1382
2024-03-20 03:19:38,5148,6532,-1384
2024-03-20 03:19:43,5149,6533,-1384
2024-03-20 03:19:48,5149,6536,-1387
2024-03-20 03:19:54,5151,6540,-1389
2024-03-20 03:19:59,5152,6542,-1390
2024-03-20 03:20:04,5152,6544,-1392
2024-03-20 03:20:09,5153,6547,-1394
2024-03-20 03:20:14,5153,6549,-1396
2024-03-20 03:20:19,5153,6551,-1398
2024-03-20 03:20:24,5154,6555,-1401
2024-03-20 03:20:29,5154,6557,-1403
2024-03-20 03:20:34,5156,6558,-1402
2024-03-20 03:20:39,5156,6561,-1405
2024-03-20 03:20:44,5157,6564,-1407
2024-03-20 03:20:49,5157,6565,-1408
2024-03-20 03:20:54,5158,6566,-1408
2024-03-20 03:20:59,5159,6570,-1411
2024-03-20 03:21:04,5162,6575,-1413
2024-03-20 03:21:09,5163,6576,-1413
2024-03-20 03:21:14,5163,6577,-1414
2024-03-20 03:21:19,5163,6577,-1414
2024-03-20 03:21:24,5164,6577,-1413
2024-03-20 03:21:29,5165,6578,-1413
2024-03-20 03:21:34,5166,6580,-1414
2024-03-20 03:21:39,5167,6580,-1413
2024-03-20 03:21:44,5170,6582,-1412
2024-03-20 03:21:49,5170,6583,-1413
2024-03-20 03:21:54,5171,6584,-1413
2024-03-20 03:21:59,5171,6585,-1414
2024-03-20 03:22:05,5171,6585,-1414
2024-03-20 03:22:10,5172,6586,-1414
2024-03-20 03:22:15,5173,6586,-1413
2024-03-20 03:22:20,5177,6589,-1412
2024-03-20 03:22:25,5178,6590,-1412
2024-03-20 03:22:30,5179,6590,-1411
2024-03-20 03:22:35,5180,6591,-1411
2024-03-20 03:22:40,5181,6595,-1414
2024-03-20 03:22:45,5185,6599,-1414
2024-03-20 03:22:50,5185,6603,-1418
2024-03-20 03:22:55,5185,6604,-1419
2024-03-20 03:23:00,5187,6607,-1420
2024-03-20 03:23:05,5188,6611,-1423
2024-03-20 03:23:10,5188,6614,-1426
2024-03-20 03:23:15,5188,6617,-1429
2024-03-20 03:23:20,5188,6620,-1432
2024-03-20 03:23:25,5191,6623,-1432
2024-03-20 03:23:30,5191,6625,-1434
2024-03-20 03:23:35,5192,6627,-1435
2024-03-20 03:23:40,5195,6628,-1433
2024-03-20 03:23:45,5195,6628,-1433
2024-03-20 03:23:50,5196,6629,-1433
2024-03-20 03:23:56,5198,6629,-1431
2024-03-20 03:24:01,5200,6631,-1431
2024-03-20 03:24:06,5201,6631,-1430
2024-03-20 03:24:11,5201,6631,-1430
2024-03-20 03:24:16,5203,6632,-1429
2024-03-20 03:24:21,5205,6633,-1428
2024-03-20 03:24:26,5209,6633,-1424
2024-03-20 03:24:31,5210,6635,-1425
2024-03-20 03:24:36,5214,6637,-1423
2024-03-20 03:24:41,5216,6639,-1423
2024-03-20 03:24:46,5218,6639,-1421
2024-03-20 03:24:51,5220,6639,-1419
2024-03-20 03:24:56,5220,6641,-1421
2024-03-20 03:25:01,5220,6643,-1423
2024-03-20 03:25:06,5221,6645,-1424
2024-03-20 03:25:11,5223,6646,-1423
2024-03-20 03:25:16,5226,6647,-1421
2024-03-20 03:25:21,5227,6648,-1421
2024-03-20 03:25:26,5231,6649,-1418
2024-03-20 03:25:31,5231,6650,-1419
2024-03-20 03:25:36,5236,6654,-1418
2024-03-20 03:25:41,5237,6655,-1418
2024-03-20 03:25:46,5237,6658,-1421
2024-03-20 03:25:51,5238,6659,-1421
2024-03-20 03:25:57,5238,6660,-1422
2024-03-20 03:26:02,5238,6662,-1424
2024-03-20 03:26:07,5238,6662,-1424
2024-03-20 03:26:12,5239,6664,-1425
2024-03-20 03:26:17,5240,6667,-1427
2024-03-20 03:26:22,5241,6668,-1427
2024-03-20 03:26:27,5241,6668,-1427
2024-03-20 03:26:32,5242,6668,-1426
2024-03-20 03:26:37,5242,6668,-1426
2024-03-20 03:26:42,5242,6668,-1426
2024-03-20 03:26:47,5244,6670,-1426
2024-03-20 03:26:52,5246,6670,-1424
2024-03-20 03:26:57,5247,6670,-1423
2024-03-20 03:27:02,5247,6670,-1423
2024-03-20 03:27:07,5248,6671,-1423
2024-03-20 03:27:12,5251,6673,-1422
2024-03-20 03:27:17,5251,6674,-1423
2024-03-20 03:27:22,5252,6675,-1423
2024-03-20 03:27:27,5253,6675,-1422
2024-03-20 03:27:32,5254,6677,-1423
2024-03-20 03:27:37,5255,6677,-1422
2024-03-20 03:27:42,5256,6678,-1422
2024-03-20 03:27:47,5260,6680,-1420
2024-03-20 03:27:52,5263,6686,-1423
2024-03-20 03:27:57,5264,6689,-1425
2024-03-20 03:28:02,5266,6690,-1424
2024-03-20 03:28:07,5266,6692,-1426
2024-03-20 03:28:12,5267,6694,-1427
2024-03-20 03:28:17,5271,6699,-1428
2024-03-20 03:28:22,5272,6699,-1427
2024-03-20 03:28:27,5273,6699,-1426
2024-03-20 03:28:33,5273,6700,-1427
2024-03-20 03:28:38,5273,6700,-1427
2024-03-20 03:28:43,5275,6701,-1426
2024-03-20 03:28:48,5275,6703,-1428
2024-03-20 03:28:53,5276,6705,-1429
2024-03-20 03:28:58,5276,6709,-1433
2024-03-20 03:29:03,5277,6711,-1434
2024-03-20 03:29:08,5279,6712,-1433
2024-03-20 03:29:13,5283,6714,-1431
2024-03-20 03:29:18,5284,6714,-1430
2024-03-20 03:29:23,5286,6716,-1430
2024-03-20 03:29:28,5288,6719,-1431
2024-03-20 03:29:33,5289,6720,-1431
2024-03-20 03:29:38,5289,6721,-1432
2024-03-20 03:29:43,5291,6722,-1431
2024-03-20 03:29:48,5292,6723,-1431
2024-03-20 03:29:53,5294,6725,-1431
2024-03-20 03:29:58,5294,6726,-1432
2024-03-20 03:30:03,5294,6726,-1432
2024-03-20 03:30:08,5296,6727,-1431
2024-03-20 03:30:13,5297,6730,-1433
2024-03-20 03:30:18,5298,6730,-1432
2024-03-20 03:30:23,5302,6733,-1431
2024-03-20 03:30:28,5303,6735,-1432
2024-03-20 03:30:33,5304,6738,-1434
2024-03-20 03:30:38,5306,6739,-1433
2024-03-20 03:30:43,5306,6741,-1435
2024-03-20 03:30:48,5309,6743,-1434
2024-03-20 03:30:53,5310,6743,-1433
2024-03-20 03:30:58,5310,6743,-1433
2024-03-20 03:31:03,5310,6743,-1433
2024-03-20 03:31:08,5310,6744,-1434
2024-03-20 03:31:13,5310,6746,-1436
2024-03-20 03:31:19,5310,6750,-1440
2024-03-20 03:31:24,5310,6751,-1441
2024-03-20 03:31:29,5311,6752,-1441
2024-03-20 03:31:34,5312,6754,-1442
2024-03-20 03:31:39,5313,6758,-1445
2024-03-20 03:31:44,5313,6762,-1449
2024-03-20 03:31:49,5316,6764,-1448
2024-03-20 03:31:54,5317,6765,-1448
2024-03-20 03:31:59,5317,6766,-1449
2024-03-20 03:32:04,5317,6768,-1451
2024-03-20 03:32:09,5318,6771,-1453
2024-03-20 03:32:14,5319,6772,-1453
2024-03-20 03:32:19,5319,6772,-1453
2024-03-20 03:32:24,5320,6774,-1454
2024-03-20 03:32:29,5320,6775,-1455
2024-03-20 03:32:34,5320,6776,-1456
2024-03-20 03:32:39,5320,6777,-1457
2024-03-20 03:32:44,5321,6779,-1458
2024-03-20 03:32:49,5322,6780,-1458
2024-03-20 03:32:54,5322,6781,-1459
2024-03-20 03:32:59,5325,6781,-1456
2024-03-20 03:33:04,5327,6782,-1455
2024-03-20 03:33:09,5329,6782,-1453
2024-03-20 03:33:14,5331,6783,-1452
2024-03-20 03:33:19,5331,6783,-1452
2024-03-20 03:33:24,5331,6783,-1452
2024-03-20 03:33:29,5331,6783,-1452
2024-03-20 03:33:34,5332,6783,-1451
2024-03-20 03:33:40,5335,6784,-1449
2024-03-20 03:33:45,5335,6784,-1449
2024-03-20 03:33:50,5335,6785,-1450
2024-03-20 03:33:55,5336,6785,-1449
2024-03-20 03:34:00,5337,6787,-1450
2024-03-20 03:34:05,5337,6787,-1450
2024-03-20 03:34:10,5338,6787,-1449
2024-03-20 03:34:15,5339,6788,-1449
2024-03-20 03:34:20,5339,6791,-1452
2024-03-20 03:34:25,5339,6791,-1452
2024-03-20 03:34:30,5339,6793,-1454
2024-03-20 03:34:35,5339,6796,-1457
2024-03-20 03:34:40,5340,6797,-1457
2024-03-20 03:34:45,5340,6798,-1458
2024-03-20 03:34:50,5340,6798,-1458
2024-03-20 03:34:55,5340,6798,-1458
2024-03-20 03:35:00,5343,6799,-1456
2024-03-20 03:35:05,5343,6802,-1459
2024-03-20 03:35:10,5344,6804,-1460
2024-03-20 03:35:15,5344,6804,-1460
2024-03-20 03:35:20,5344,6804,-1460
2024-03-20 03:35:25,5345,6804,-1459
2024-03-20 03:35:30,5345,6804,-1459
2024-03-20 03:35:35,5346,6804,-1458
2024-03-20 03:35:40,5347,6804,-1457
2024-03-20 03:35:45,5350,6804,-1454
2024-03-20 03:35:50,5350,6804,-1454
2024-03-20 03:35:56,5350,6804,-1454
2024-03-20 03:36:01,5350,6804,-1454
2024-03-20 03:36:06,5350,6807,-1457
2024-03-20 03:36:11,5350,6808,-1458
2024-03-20 03:36:16,5350,6809,-1459
2024-03-20 03:36:21,5351,6810,-1459
2024-03-20 03:36:26,5353,6811,-1458
2024-03-20 03:36:31,5355,6812,-1457
2024-03-20 03:36:36,5356,6814,-1458
2024-03-20 03:36:41,5356,6814,-1458
2024-03-20 03:36:46,5356,6815,-1459
2024-03-20 03:36:51,5357,6817,-1460
2024-03-20 03:36:56,5357,6817,-1460
2024-03-20 03:37:01,5357,6818,-1461
2024-03-20 03:37:06,5358,6819,-1461
2024-03-20 03:37:11,5358,6820,-1462
2024-03-20 03:37:16,5358,6821,-1463
2024-03-20 03:37:21,5359,6823,-1464
2024-03-20 03:37:26,5359,6823,-1464
2024-03-20 03:37:31,5359,6823,-1464
2024-03-20 03:37:36,5359,6825,-1466
2024-03-20 03:37:41,5359,6825,-1466
2024-03-20 03:37:46,5360,6826,-1466
2024-03-20 03:37:51,5362,6827,-1465
2024-03-20 03:37:57,5362,6829,-1467
2024-03-20 03:38:02,5362,6830,-1468
2024-03-20 03:38:07,5362,6832,-1470
2024-03-20 03:38:12,5362,6834,-1472
2024-03-20 03:38:17,5362,6837,-1475
2024-03-20 03:38:22,5362,6837,-1475
2024-03-20 03:38:27,5363,6838,-1475
2024-03-20 03:38:32,5363,6838,-1475
2024-03-20 03:38:37,5366,6838,-1472
2024-03-20 03:38:42,5367,6838,-1471
2024-03-20 03:38:47,5368,6838,-1470
2024-03-20 03:38:52,5368,6840,-1472
2024-03-20 03:38:57,5368,6841,-1473
2024-03-20 03:39:02,5369,6844,-1475
2024-03-20 03:39:07,5370,6844,-1474
2024-03-20 03:39:12,5371,6844,-1473
2024-03-20 03:39:17,5372,6844,-1472
2024-03-20 03:39:22,5372,6846,-1474
2024-03-20 03:39:27,5372,6847,-1475
2024-03-20 03:39:32,5373,6848,-1475
2024-03-20 03:39:37,5373,6849,-1476
2024-03-20 03:39:42,5373,6850,-1477
2024-03-20 03:39:47,5373,6851,-1478
2024-03-20 03:39:52,5373,6851,-1478
2024-03-20 03:39:57,5373,6852,-1479
2024-03-20 03:40:02,5373,6852,-1479
2024-03-20 03:40:07,5373,6853,-1480
2024-03-20 03:40:12,5374,6853,-1479
2024-03-20 03:40:17,5374,6854,-1480
2024-03-20 03:40:22,5375,6854,-1479
2024-03-20 03:40:27,5375,6854,-1479
2024-03-20 03:40:33,5375,6854,-1479
2024-03-20 03:40:38,5376,6854,-1478
2024-03-20 03:40:43,5377,6855,-1478
2024-03-20 03:40:48,5377,6855,-1478
2024-03-20 03:40:53,5377,6855,-1478
2024-03-20 03:40:58,5378,6856,-1478
2024-03-20 03:41:03,5378,6858,-1480
2024-03-20 03:41:08,5378,6858,-1480
2024-03-20 03:41:13,5378,6859,-1481
2024-03-20 03:41:18,5378,6860,-1482
2024-03-20 03:41:23,5380,6861,-1481
2024-03-20 03:41:28,5381,6863,-1482
2024-03-20 03:41:33,5381,6863,-1482
2024-03-20 03:41:38,5381,6864,-1483
2024-03-20 03:41:43,5384,6866,-1482
2024-03-20 03:41:48,5387,6866,-1479
2024-03-20 03:41:53,5388,6867,-1479
2024-03-20 03:41:58,5388,6868,-1480
2024-03-20 03:42:03,5389,6869,-1480
2024-03-20 03:42:08,5390,6869,-1479
2024-03-20 03:42:13,5391,6869,-1478
2024-03-20 03:42:18,5392,6872,-1480
2024-03-20 03:42:23,5395,6872,-1477
2024-03-20 03:42:28,5396,6873,-1477
2024-03-20 03:42:33,5397,6874,-1477
2024-03-20 03:42:38,5398,6874,-1476
2024-03-20 03:42:43,5398,6874,-1476
2024-03-20 03:42:49,5399,6874,-1475
2024-03-20 03:42:54,5399,6874,-1475
2024-03-20 03:42:59,5400,6874,-1474
2024-03-20 03:43:04,5400,6874,-1474
2024-03-20 03:43:09,5402,6876,-1474
2024-03-20 03:43:14,5403,6876,-1473
2024-03-20 03:43:19,5403,6877,-1474
2024-03-20 03:43:24,5404,6880,-1476
2024-03-20 03:43:29,5406,6881,-1475
2024-03-20 03:43:34,5407,6881,-1474
2024-03-20 03:43:39,5409,6881,-1472
2024-03-20 03:43:44,5410,6881,-1471
2024-03-20 03:43:49,5410,6881,-1471
2024-03-20 03:43:54,5410,6881,-1471
2024-03-20 03:43:59,5410,6882,-1472
2024-03-20 03:44:04,5410,6884,-1474
2024-03-20 03:44:09,5410,6887,-1477
2024-03-20 03:44:14,5410,6888,-1478
2024-03-20 03:44:19,5410,6889,-1479
2024-03-20 03:44:24,5411,6890,-1479
2024-03-20 03:44:29,5411,6891,-1480
2024-03-20 03:44:34,5411,6892,-1481
2024-03-20 03:44:39,5411,6894,-1483
2024-03-20 03:44:44,5411,6898,-1487
2024-03-20 03:44:49,5412,6901,-1489
2024-03-20 03:44:54,5412,6901,-1489
2024-03-20 03:45:00,5412,6902,-1490
2024-03-20 03:45:05,5412,6903,-1491
2024-03-20 03:45:10,5413,6904,-1491
2024-03-20 03:45:15,5413,6904,-1491
2024-03-20 03:45:20,5413,6905,-1492
2024-03-20 03:45:25,5413,6907,-1494
2024-03-20 03:45:30,5413,6908,-1495
2024-03-20 03:45:35,5414,6910,-1496
2024-03-20 03:45:40,5415,6912,-1497
2024-03-20 03:45:45,5416,6913,-1497
2024-03-20 03:45:50,5416,6914,-1498
2024-03-20 03:45:55,5417,6915,-1498
2024-03-20 03:46:00,5417,6916,-1499
2024-03-20 03:46:05,5417,6918,-1501
2024-03-20 03:46:10,5417,6918,-1501
2024-03-20 03:46:15,5417,6918,-1501
2024-03-20 03:46:20,5419,6919,-1500
2024-03-20 03:46:25,5421,6921,-1500
2024-03-20 03:46:30,5422,6921,-1499
2024-03-20 03:46:35,5423,6922,-1499
2024-03-20 03:46:40,5424,6922,-1498
2024-03-20 03:46:45,5424,6922,-1498
2024-03-20 03:46:50,5425,6922,-1497
2024-03-20 03:46:55,5426,6922,-1496
2024-03-20 03:47:01,5426,6922,-1496
2024-03-20 03:47:06,5426,6922,-1496
2024-03-20 03:47:11,5426,6922,-1496
2024-03-20 03:47:16,5427,6922,-1495
2024-03-20 03:47:21,5427,6922,-1495
2024-03-20 03:47:26,5427,6923,-1496
2024-03-20 03:47:31,5427,6924,-1497
2024-03-20 03:47:36,5427,6925,-1498
2024-03-20 03:47:41,5428,6928,-1500
2024-03-20 03:47:46,5428,6929,-1501
2024-03-20 03:47:51,5429,6932,-1503
2024-03-20 03:47:56,5430,6932,-1502
2024-03-20 03:48:01,5432,6932,-1500
2024-03-20 03:48:06,5433,6932,-1499
2024-03-20 03:48:11,5433,6932,-1499
2024-03-20 03:48:16,5433,6932,-1499
2024-03-20 03:48:21,5433,6932,-1499
2024-03-20 03:48:26,5433,6932,-1499
2024-03-20 03:48:31,5433,6932,-1499
2024-03-20 03:48:36,5433,6932,-1499
2024-03-20 03:48:41,5434,6932,-1498
2024-03-20 03:48:46,5434,6932,-1498
2024-03-20 03:48:51,5434,6932,-1498
2024-03-20 03:48:56,5434,6933,-1499
2024-03-20 03:49:01,5436,6935,-1499
2024-03-20 03:49:06,5436,6935,-1499
2024-03-20 03:49:12,5436,6938,-1502
2024-03-20 03:49:17,5437,6938,-1501
2024-03-20 03:49:22,5438,6938,-1500
2024-03-20 03:49:27,5439,6938,-1499
2024-03-20 03:49:32,5441,6939,-1498
2024-03-20 03:49:37,5442,6939,-1497
2024-03-20 03:49:42,5443,6939,-1496
2024-03-20 03:49:47,5444,6940,-1496
2024-03-20 03:49:52,5446,6940,-1494
2024-03-20 03:49:57,5447,6940,-1493
2024-03-20 03:50:02,5447,6942,-1495
2024-03-20 03:50:07,5447,6942,-1495
2024-03-20 03:50:12,5447,6943,-1496
2024-03-20 03:50:17,5448,6945,-1497
2024-03-20 03:50:22,5448,6945,-1497
2024-03-20 03:50:27,5448,6945,-1497
2024-03-20 03:50:32,5448,6946,-1498
2024-03-20 03:50:37,5449,6950,-1501
2024-03-20 03:50:42,5450,6951,-1501
2024-03-20 03:50:48,5450,6954,-1504
2024-03-20 03:50:53,5450,6954,-1504
2024-03-20 03:50:58,5451,6957,-1506
2024-03-20 03:51:03,5451,6960,-1509
2024-03-20 03:51:08,5452,6962,-1510
2024-03-20 03:51:13,5453,6964,-1511
2024-03-20 03:51:18,5453,6964,-1511
2024-03-20 03:51:23,5453,6964,-1511
2024-03-20 03:51:28,5453,6966,-1513
2024-03-20 03:51:33,5453,6966,-1513
2024-03-20 03:51:38,5454,6966,-1512
2024-03-20 03:51:43,5455,6967,-1512
2024-03-20 03:51:48,5457,6968,-1511
2024-03-20 03:51:53,5459,6969,-1510
2024-03-20 03:51:58,5461,6971,-1510
2024-03-20 03:52:03,5462,6971,-1509
2024-03-20 03:52:08,5464,6974,-1510
2024-03-20 03:52:13,5465,6974,-1509
2024-03-20 03:52:18,5466,6974,-1508
2024-03-20 03:52:23,5469,6976,-1507
2024-03-20 03:52:28,5469,6976,-1507
2024-03-20 03:52:33,5469,6976,-1507
2024-03-20 03:52:38,5471,6976,-1505
2024-03-20 03:52:43,5472,6976,-1504
2024-03-20 03:52:48,5473,6977,-1504
2024-03-20 03:52:53,5474,6979,-1505
2024-03-20 03:52:59,5475,6980,-1505
2024-03-20 03:53:04,5477,6980,-1503
2024-03-20 03:53:09,5479,6980,-1501
2024-03-20 03:53:14,5479,6980,-1501
2024-03-20 03:53:19,5481,6980,-1499
2024-03-20 03:53:24,5481,6980,-1499
2024-03-20 03:53:29,5481,6981,-1500
2024-03-20 03:53:34,5481,6982,-1501
2024-03-20 03:53:39,5482,6983,-1501
2024-03-20 03:53:44,5482,6984,-1502
2024-03-20 03:53:49,5482,6986,-1504
2024-03-20 03:53:54,5483,6989,-1506
2024-03-20 03:53:59,5483,6989,-1506
2024-03-20 03:54:04,5483,6991,-1508
2024-03-20 03:54:09,5484,6995,-1511
2024-03-20 03:54:14,5487,6998,-1511
2024-03-20 03:54:19,5490,7001,-1511
2024-03-20 03:54:24,5491,7002,-1511
2024-03-20 03:54:29,5491,7002,-1511
2024-03-20 03:54:34,5491,7002,-1511
2024-03-20 03:54:39,5492,7003,-1511
2024-03-20 03:54:44,5493,7003,-1510
2024-03-20 03:54:49,5496,7004,-1508
2024-03-20 03:54:54,5497,7004,-1507
2024-03-20 03:55:00,5501,7004,-1503
2024-03-20 03:55:05,5502,7004,-1502
2024-03-20 03:55:10,5504,7004,-1500
2024-03-20 03:55:15,5506,7004,-1498
2024-03-20 03:55:20,5506,7004,-1498
2024-03-20 03:55:25,5507,7005,-1498
2024-03-20 03:55:30,5507,7005,-1498
2024-03-20 03:55:35,5507,7007,-1500
2024-03-20 03:55:40,5508,7009,-1501
2024-03-20 03:55:45,5510,7011,-1501
2024-03-20 03:55:50,5510,7012,-1502
2024-03-20 03:55:55,5513,7013,-1500
2024-03-20 03:56:00,5514,7013,-1499
2024-03-20 03:56:05,5515,7016,-1501
2024-03-20 03:56:10,5516,7017,-1501
2024-03-20 03:56:15,5516,7019,-1503
2024-03-20 03:56:20,5516,7019,-1503
2024-03-20 03:56:25,5516,7019,-1503
2024-03-20 03:56:30,5517,7022,-1505
2024-03-20 03:56:35,5517,7022,-1505
2024-03-20 03:56:40,5517,7022,-1505
2024-03-20 03:56:45,5517,7022,-1505
2024-03-20 03:56:51,5517,7023,-1506
2024-03-20 03:56:56,5521,7023,-1502
2024-03-20 03:57:01,5521,7024,-1503
2024-03-20 03:57:06,5521,7024,-1503
2024-03-20 03:57:11,5521,7025,-1504
2024-03-20 03:57:16,5522,7028,-1506
2024-03-20 03:57:21,5522,7028,-1506
2024-03-20 03:57:26,5525,7028,-1503
2024-03-20 03:57:31,5525,7029,-1504
2024-03-20 03:57:36,5525,7031,-1506
2024-03-20 03:57:41,5525,7031,-1506
2024-03-20 03:57:46,5525,7032,-1507
2024-03-20 03:57:51,5526,7033,-1507
2024-03-20 03:57:56,5527,7033,-1506
2024-03-20 03:58:01,5528,7033,-1505
2024-03-20 03:58:06,5529,7035,-1506
2024-03-20 03:58:11,5530,7036,-1506
2024-03-20 03:58:16,5530,7036,-1506
2024-03-20 03:58:21,5532,7038,-1506
2024-03-20 03:58:26,5532,7040,-1508
2024-03-20 03:58:31,5532,7040,-1508
2024-03-20 03:58:36,5532,7040,-1508
2024-03-20 03:58:41,5533,7041,-1508
2024-03-20 03:58:46,5534,7041,-1507
2024-03-20 03:58:51,5534,7043,-1509
2024-03-20 03:58:56,5535,7046,-1511
2024-03-20 03:59:02,5536,7052,-1516
2024-03-20 03:59:07,5536,7055,-1519
2024-03-20 03:59:12,5536,7058,-1522
2024-03-20 03:59:17,5536,7060,-1524
2024-03-20 03:59:22,5537,7061,-1524
2024-03-20 03:59:27,5540,7061,-1521
2024-03-20 03:59:32,5542,7061,-1519
2024-03-20 03:59:37,5545,7061,-1516
2024-03-20 03:59:42,5548,7063,-1515
2024-03-20 03:59:47,5548,7064,-1516
2024-03-20 03:59:52,5548,7065,-1517
2024-03-20 03:59:57,5550,7065,-1515
2024-03-20 04:00:02,5550,7066,-1516
2024-03-20 04:00:07,5551,7066,-1515
2024-03-20 04:00:12,5552,7068,-1516
2024-03-20 04:00:17,5552,7069,-1517
2024-03-20 04:00:22,5553,7069,-1516
2024-03-20 04:00:27,5555,7070,-1515
2024-03-20 04:00:32,5557,7071,-1514
2024-03-20 04:00:37,5558,7072,-1514
2024-03-20 04:00:42,5559,7073,-1514
2024-03-20 04:00:47,5560,7073,-1513
2024-03-20 04:00:53,5561,7075,-1514
2024-03-20 04:00:58,5563,7076,-1513
2024-03-20 04:01:03,5564,7076,-1512
2024-03-20 04:01:08,5565,7078,-1513
2024-03-20 04:01:13,5565,7081,-1516
2024-03-20 04:01:18,5566,7083,-1517
2024-03-20 04:01:23,5568,7084,-1516
2024-03-20 04:01:28,5568,7084,-1516
2024-03-20 04:01:33,5568,7085,-1517
2024-03-20 04:01:38,5569,7085,-1516
2024-03-20 04:01:43,5569,7087,-1518
2024-03-20 04:01:48,5569,7088,-1519
2024-03-20 04:01:53,5569,7089,-1520
2024-03-20 04:01:58,5570,7090,-1520
2024-03-20 04:02:03,5571,7090,-1519
2024-03-20 04:02:08,5571,7092,-1521
2024-03-20 04:02:13,5571,7093,-1522
2024-03-20 04:02:18,5571,7094,-1523
2024-03-20 04:02:23,5571,7095,-1524
2024-03-20 04:02:28,5571,7099,-1528
2024-03-20 04:02:33,5571,7099,-1528
2024-03-20 04:02:38,5573,7101,-1528
2024-03-20 04:02:43,5574,7101,-1527
2024-03-20 04:02:48,5575,7102,-1527
2024-03-20 04:02:53,5576,7102,-1526
2024-03-20 04:02:58,5576,7102,-1526
2024-03-20 04:03:03,5576,7102,-1526
2024-03-20 04:03:08,5576,7104,-1528
2024-03-20 04:03:14,5576,7104,-1528
2024-03-20 04:03:19,5577,7105,-1528
2024-03-20 04:03:24,5578,7105,-1527
2024-03-20 04:03:29,5581,7106,-1525
2024-03-20 04:03:34,5581,7106,-1525
2024-03-20 04:03:39,5581,7106,-1525
2024-03-20 04:03:44,5581,7106,-1525
2024-03-20 04:03:49,5581,7106,-1525
2024-03-20 04:03:54,5581,7106,-1525
2024-03-20 04:03:59,5582,7108,-1526
2024-03-20 04:04:04,5582,7109,-1527
2024-03-20 04:04:09,5582,7109,-1527
2024-03-20 04:04:14,5583,7110,-1527
2024-03-20 04:04:19,5583,7110,-1527
2024-03-20 04:04:24,5583,7110,-1527
2024-03-20 04:04:29,5584,7112,-1528
2024-03-20 04:04:34,5585,7113,-1528
2024-03-20 04:04:39,5585,7114,-1529
2024-03-20 04:04:44,5585,7114,-1529
2024-03-20 04:04:49,5587,7116,-1529
2024-03-20 04:04:54,5587,7116,-1529
2024-03-20 04:04:59,5590,7117,-1527
2024-03-20 04:05:04,5590,7119,-1529
2024-03-20 04:05:09,5591,7120,-1529
2024-03-20 04:05:15,5593,7120,-1527
2024-03-20 04:05:20,5594,7126,-1532
2024-03-20 04:05:25,5594,7126,-1532
2024-03-20 04:05:30,5596,7128,-1532
2024-03-20 04:05:35,5598,7129,-1531
2024-03-20 04:05:40,5598,7131,-1533
2024-03-20 04:05:45,5598,7135,-1537
2024-03-20 04:05:50,5600,7136,-1536
2024-03-20 04:05:55,5602,7136,-1534
2024-03-20 04:06:00,5605,7138,-1533
2024-03-20 04:06:05,5606,7140,-1534
2024-03-20 04:06:10,5606,7142,-1536
2024-03-20 04:06:15,5607,7144,-1537
2024-03-20 04:06:20,5612,7146,-1534
2024-03-20 04:06:25,5613,7146,-1533
2024-03-20 04:06:30,5613,7148,-1535
2024-03-20 04:06:35,5614,7150,-1536
2024-03-20 04:06:40,5616,7152,-1536
2024-03-20 04:06:45,5617,7156,-1539
2024-03-20 04:06:50,5617,7159,-1542
2024-03-20 04:06:55,5618,7160,-1542
2024-03-20 04:07:00,5622,7165,-1543
2024-03-20 04:07:06,5623,7167,-1544
2024-03-20 04:07:11,5624,7171,-1547
2024-03-20 04:07:16,5625,7174,-1549
2024-03-20 04:07:21,5628,7176,-1548
2024-03-20 04:07:26,5631,7179,-1548
2024-03-20 04:07:31,5632,7180,-1548
2024-03-20 04:07:36,5635,7182,-1547
2024-03-20 04:07:41,5636,7183,-1547
2024-03-20 04:07:46,5637,7186,-1549
2024-03-20 04:07:51,5641,7188,-1547
2024-03-20 04:07:56,5641,7192,-1551
2024-03-20 04:08:01,5642,7196,-1554
2024-03-20 04:08:06,5644,7199,-1555
2024-03-20 04:08:11,5650,7205,-1555
2024-03-20 04:08:16,5651,7206,-1555
2024-03-20 04:08:21,5652,7207,-1555
2024-03-20 04:08:26,5654,7208,-1554
2024-03-20 04:08:31,5655,7209,-1554
2024-03-20 04:08:36,5655,7209,-1554
2024-03-20 04:08:41,5656,7212,-1556
2024-03-20 04:08:46,5656,7212,-1556
2024-03-20 04:08:51,5657,7214,-1557
2024-03-20 04:08:56,5660,7218,-1558
2024-03-20 04:09:02,5661,7219,-1558
2024-03-20 04:09:07,5662,7221,-1559
2024-03-20 04:09:12,5662,7221,-1559
2024-03-20 04:09:17,5662,7221,-1559
2024-03-20 04:09:22,5664,7221,-1557
2024-03-20 04:09:27,5667,7223,-1556
2024-03-20 04:09:32,5668,7226,-1558
2024-03-20 04:09:37,5668,7228,-1560
2024-03-20 04:09:42,5670,7231,-1561
2024-03-20 04:09:47,5670,7233,-1563
2024-03-20 04:09:52,5671,7236,-1565
2024-03-20 04:09:57,5673,7238,-1565
2024-03-20 04:10:02,5674,7238,-1564
2024-03-20 04:10:07,5677,7242,-1565
2024-03-20 04:10:12,5678,7244,-1566
2024-03-20 04:10:17,5679,7249,-1570
2024-03-20 04:10:22,5680,7249,-1569
2024-03-20 04:10:27,5683,7252,-1569
2024-03-20 04:10:32,5683,7253,-1570
2024-03-20 04:10:37,5683,7254,-1571
2024-03-20 04:10:42,5686,7259,-1573
2024-03-20 04:10:47,5687,7262,-1575
2024-03-20 04:10:52,5689,7264,-1575
2024-03-20 04:10:57,5689,7265,-1576
2024-03-20 04:11:03,5691,7268,-1577
2024-03-20 04:11:08,5692,7268,-1576
2024-03-20 04:11:13,5692,7271,-1579
2024-03-20 04:11:18,5693,7273,-1580
2024-03-20 04:11:23,5695,7274,-1579
2024-03-20 04:11:28,5697,7276,-1579
2024-03-20 04:11:33,5699,7278,-1579
2024-03-20 04:11:38,5701,7279,-1578
2024-03-20 04:11:43,5702,7283,-1581
2024-03-20 04:11:48,5706,7285,-1579
2024-03-20 04:11:53,5708,7285,-1577
2024-03-20 04:11:58,5711,7288,-1577
2024-03-20 04:12:03,5715,7290,-1575
2024-03-20 04:12:08,5718,7290,-1572
2024-03-20 04:12:13,5719,7291,-1572
2024-03-20 04:12:18,5720,7294,-1574
2024-03-20 04:12:23,5720,7295,-1575
2024-03-20 04:12:28,5722,7299,-1577
2024-03-20 04:12:33,5722,7301,-1579
2024-03-20 04:12:38,5726,7302,-1576
2024-03-20 04:12:44,5728,7303,-1575
2024-03-20 04:12:49,5728,7306,-1578
2024-03-20 04:12:54,5728,7308,-1580
2024-03-20 04:12:59,5728,7308,-1580
2024-03-20 04:13:04,5728,7312,-1584
2024-03-20 04:13:09,5728,7314,-1586
2024-03-20 04:13:14,5732,7315,-1583
2024-03-20 04:13:19,5732,7317,-1585
2024-03-20 04:13:24,5733,7317,-1584
2024-03-20 04:13:29,5733,7320,-1587
2024-03-20 04:13:34,5734,7321,-1587
2024-03-20 04:13:39,5735,7322,-1587
2024-03-20 04:13:44,5737,7323,-1586
2024-03-20 04:13:49,5738,7324,-1586
2024-03-20 04:13:54,5742,7325,-1583
2024-03-20 04:13:59,5744,7327,-1583
2024-03-20 04:14:04,5747,7327,-1580
2024-03-20 04:14:09,5747,7330,-1583
2024-03-20 04:14:14,5748,7331,-1583
2024-03-20 04:14:19,5752,7332,-1580
2024-03-20 04:14:24,5753,7333,-1580
2024-03-20 04:14:29,5756,7333,-1577
2024-03-20 04:14:34,5757,7334,-1577
2024-03-20 04:14:39,5760,7336,-1576
2024-03-20 04:14:44,5762,7336,-1574
2024-03-20 04:14:49,5763,7338,-1575
2024-03-20 04:14:55,5764,7340,-1576
2024-03-20 04:15:00,5768,7343,-1575
2024-03-20 04:15:05,5769,7347,-1578
2024-03-20 04:15:10,5770,7350,-1580
2024-03-20 04:15:15,5771,7353,-1582
2024-03-20 04:15:20,5771,7356,-1585
2024-03-20 04:15:25,5772,7359,-1587
2024-03-20 04:15:30,5772,7361,-1589
2024-03-20 04:15:35,5772,7365,-1593
2024-03-20 04:15:40,5773,7370,-1597
2024-03-20 04:15:45,5775,7373,-1598
2024-03-20 04:15:50,5778,7376,-1598
2024-03-20 04:15:55,5778,7379,-1601
2024-03-20 04:16:00,5778,7382,-1604
2024-03-20 04:16:05,5780,7382,-1602
2024-03-20 04:16:10,5782,7382,-1600
2024-03-20 04:16:15,5784,7384,-1600
2024-03-20 04:16:20,5785,7385,-1600
2024-03-20 04:16:25,5787,7386,-1599
2024-03-20 04:16:30,5789,7387,-1598
2024-03-20 04:16:35,5789,7388,-1599
2024-03-20 04:16:40,5790,7390,-1600
2024-03-20 04:16:45,5791,7392,-1601
2024-03-20 04:16:50,5794,7395,-1601
2024-03-20 04:16:55,5796,7395,-1599
2024-03-20 04:17:00,5797,7397,-1600
2024-03-20 04:17:05,5801,7400,-1599
2024-03-20 04:17:11,5803,7400,-1597
2024-03-20 04:17:16,5803,7400,-1597
2024-03-20 04:17:21,5803,7403,-1600
2024-03-20 04:17:26,5805,7404,-1599
2024-03-20 04:17:31,5805,7404,-1599
2024-03-20 04:17:36,5806,7405,-1599
2024-03-20 04:17:41,5808,7408,-1600
2024-03-20 04:17:46,5810,7409,-1599
2024-03-20 04:17:51,5811,7410,-1599
2024-03-20 04:17:56,5813,7412,-1599
2024-03-20 04:18:01,5814,7412,-1598
2024-03-20 04:18:06,5816,7416,-1600
2024-03-20 04:18:11,5816,7417,-1601
2024-03-20 04:18:16,5817,7418,-1601
2024-03-20 04:18:21,5817,7421,-1604
2024-03-20 04:18:26,5818,7421,-1603
2024-03-20 04:18:31,5819,7423,-1604
2024-03-20 04:18:36,5823,7424,-1601
2024-03-20 04:18:41,5823,7425,-1602
2024-03-20 04:18:46,5825,7425,-1600
2024-03-20 04:18:51,5828,7425,-1597
2024-03-20 04:18:56,5829,7429,-1600
2024-03-20 04:19:01,5830,7434,-1604
2024-03-20 04:19:06,5831,7436,-1605
2024-03-20 04:19:11,5831,7437,-1606
2024-03-20 04:19:16,5833,7439,-1606
2024-03-20 04:19:21,5835,7443,-1608
2024-03-20 04:19:26,5839,7444,-1605
2024-03-20 04:19:32,5843,7445,-1602
2024-03-20 04:19:37,5845,7445,-1600
2024-03-20 04:19:42,5848,7446,-1598
2024-03-20 04:19:47,5852,7446,-1594
2024-03-20 04:19:52,5852,7446,-1594
2024-03-20 04:19:57,5854,7449,-1595
2024-03-20 04:20:02,5854,7452,-1598
2024-03-20 04:20:07,5854,7455,-1601
2024-03-20 04:20:12,5854,7458,-1604
2024-03-20 04:20:17,5855,7459,-1604
2024-03-20 04:20:22,5856,7463,-1607
2024-03-20 04:20:27,5858,7464,-1606
2024-03-20 04:20:32,5858,7467,-1609
2024-03-20 04:20:37,5858,7468,-1610
2024-03-20 04:20:42,5859,7471,-1612
2024-03-20 04:20:47,5860,7472,-1612
2024-03-20 04:20:52,5860,7474,-1614
2024-03-20 04:20:57,5861,7478,-1617
2024-03-20 04:21:02,5862,7479,-1617
2024-03-20 04:21:07,5862,7481,-1619
2024-03-20 04:21:12,5865,7486,-1621
2024-03-20 04:21:17,5867,7488,-1621
2024-03-20 04:21:22,5869,7490,-1621
2024-03-20 04:21:27,5870,7491,-1621
2024-03-20 04:21:32,5872,7493,-1621
2024-03-20 04:21:37,5878,7494,-1616
2024-03-20 04:21:43,5880,7495,-1615
2024-03-20 04:21:48,5882,7496,-1614
2024-03-20 04:21:53,5884,7497,-1613
2024-03-20 04:21:58,5884,7498,-1614
2024-03-20 04:22:03,5885,7498,-1613
2024-03-20 04:22:08,5885,7501,-1616
2024-03-20 04:22:13,5889,7502,-1613
2024-03-20 04:22:18,5890,7503,-1613
2024-03-20 04:22:23,5890,7504,-1614
2024-03-20 04:22:28,5892,7504,-1612
2024-03-20 04:22:33,5893,7505,-1612
2024-03-20 04:22:38,5898,7506,-1608
2024-03-20 04:22:43,5898,7509,-1611
2024-03-20 04:22:48,5901,7512,-1611
2024-03-20 04:22:53,5902,7512,-1610
2024-03-20 04:22:58,5902,7514,-1612
2024-03-20 04:23:03,5905,7517,-1612
2024-03-20 04:23:08,5906,7520,-1614
2024-03-20 04:23:13,5906,7520,-1614
2024-03-20 04:23:18,5910,7522,-1612
2024-03-20 04:23:23,5910,7523,-1613
2024-03-20 04:23:28,5910,7524,-1614
2024-03-20 04:23:33,5910,7526,-1616
2024-03-20 04:23:39,5911,7528,-1617
2024-03-20 04:23:44,5911,7532,-1621
2024-03-20 04:23:49,5911,7532,-1621
2024-03-20 04:23:54,5914,7533,-1619
2024-03-20 04:23:59,5917,7535,-1618
2024-03-20 04:24:04,5918,7537,-1619
2024-03-20 04:24:09,5919,7540,-1621
2024-03-20 04:24:14,5919,7542,-1623
2024-03-20 04:24:19,5919,7546,-1627
2024-03-20 04:24:24,5919,7546,-1627
2024-03-20 04:24:29,5921,7546,-1625
2024-03-20 04:24:34,5922,7549,-1627
2024-03-20 04:24:39,5922,7551,-1629
2024-03-20 04:24:44,5922,7553,-1631
2024-03-20 04:24:49,5923,7553,-1630
2024-03-20 04:24:54,5923,7555,-1632
2024-03-20 04:24:59,5924,7556,-1632
2024-03-20 04:25:04,5925,7559,-1634
2024-03-20 04:25:09,5925,7559,-1634
2024-03-20 04:25:14,5925,7559,-1634
2024-03-20 04:25:19,5926,7561,-1635
2024-03-20 04:25:24,5927,7563,-1636
2024-03-20 04:25:29,5930,7563,-1633
2024-03-20 04:25:34,5930,7567,-1637
2024-03-20 04:25:39,5931,7569,-1638
2024-03-20 04:25:44,5932,7570,-1638
2024-03-20 04:25:49,5936,7570,-1634
2024-03-20 04:25:55,5937,7571,-1634
2024-03-20 04:26:00,5938,7576,-1638
2024-03-20 04:26:05,5939,7576,-1637
2024-03-20 04:26:10,5943,7578,-1635
2024-03-20 04:26:15,5945,7584,-1639
2024-03-20 04:26:20,5946,7586,-1640
2024-03-20 04:26:25,5947,7586,-1639
2024-03-20 04:26:30,5948,7590,-1642
2024-03-20 04:26:35,5951,7594,-1643
2024-03-20 04:26:40,5951,7597,-1646
2024-03-20 04:26:45,5951,7599,-1648
2024-03-20 04:26:50,5952,7602,-1650
2024-03-20 04:26:55,5952,7602,-1650
2024-03-20 04:27:00,5954,7606,-1652
2024-03-20 04:27:05,5954,7609,-1655
2024-03-20 04:27:10,5954,7611,-1657
2024-03-20 04:27:15,5955,7613,-1658
2024-03-20 04:27:20,5955,7613,-1658
2024-03-20 04:27:25,5956,7614,-1658
2024-03-20 04:27:30,5956,7615,-1659
2024-03-20 04:27:35,5957,7617,-1660
2024-03-20 04:27:40,5958,7617,-1659
2024-03-20 04:27:45,5960,7619,-1659
2024-03-20 04:27:50,5964,7622,-1658
2024-03-20 04:27:56,5965,7624,-1659
2024-03-20 04:28:01,5966,7625,-1659
2024-03-20 04:28:06,5968,7627,-1659
2024-03-20 04:28:11,5969,7630,-1661
2024-03-20 04:28:16,5969,7633,-1664
2024-03-20 04:28:21,5969,7637,-1668
2024-03-20 04:28:26,5969,7638,-1669
2024-03-20 04:28:31,5970,7640,-1670
2024-03-20 04:28:36,5970,7642,-1672
2024-03-20 04:28:41,5972,7644,-1672
2024-03-20 04:28:46,5972,7647,-1675
2024-03-20 04:28:51,5974,7649,-1675
2024-03-20 04:28:56,5974,7654,-1680
2024-03-20 04:29:01,5974,7657,-1683
2024-03-20 04:29:06,5975,7659,-1684
2024-03-20 04:29:11,5975,7661,-1686
2024-03-20 04:29:16,5976,7663,-1687
2024-03-20 04:29:21,5976,7665,-1689
2024-03-20 04:29:26,5977,7668,-1691
2024-03-20 04:29:31,5978,7670,-1692
2024-03-20 04:29:36,5978,7675,-1697
2024-03-20 04:29:41,5978,7676,-1698
2024-03-20 04:29:47,5978,7676,-1698
2024-03-20 04:29:52,5978,7677,-1699
2024-03-20 04:29:57,5979,7680,-1701
2024-03-20 04:30:02,5979,7681,-1702
2024-03-20 04:30:07,5981,7683,-1702
2024-03-20 04:30:12,5981,7684,-1703
2024-03-20 04:30:17,5981,7686,-1705
2024-03-20 04:30:22,5981,7688,-1707
2024-03-20 04:30:27,5982,7692,-1710
2024-03-20 04:30:32,5983,7695,-1712
2024-03-20 04:30:37,5983,7698,-1715
2024-03-20 04:30:42,5985,7700,-1715
2024-03-20 04:30:47,5988,7700,-1712
2024-03-20 04:30:52,5990,7702,-1712
2024-03-20 04:30:57,5991,7703,-1712
2024-03-20 04:31:02,5991,7706,-1715
2024-03-20 04:31:07,5992,7706,-1714
2024-03-20 04:31:12,5993,7707,-1714
2024-03-20 04:31:17,5993,7708,-1715
2024-03-20 04:31:22,5996,7709,-1713
2024-03-20 04:31:27,5997,7709,-1712
2024-03-20 04:31:32,6000,7709,-1709
2024-03-20 04:31:37,6002,7710,-1708
2024-03-20 04:31:43,6007,7712,-1705
2024-03-20 04:31:48,6008,7716,-1708
2024-03-20 04:31:53,6009,7719,-1710
2024-03-20 04:31:58,6013,7725,-1712
2024-03-20 04:32:03,6014,7728,-1714
2024-03-20 04:32:08,6014,7732,-1718
2024-03-20 04:32:13,6014,7735,-1721
2024-03-20 04:32:18,6015,7736,-1721
2024-03-20 04:32:23,6016,7738,-1722
2024-03-20 04:32:28,6018,7740,-1722
2024-03-20 04:32:33,6022,7740,-1718
2024-03-20 04:32:38,6023,7741,-1718
2024-03-20 04:32:43,6025,7743,-1718
2024-03-20 04:32:48,6027,7749,-1722
2024-03-20 04:32:53,6028,7750,-1722
2024-03-20 04:32:58,6028,7755,-1727
2024-03-20 04:33:03,6029,7757,-1728
2024-03-20 04:33:08,6031,7759,-1728
2024-03-20 04:33:13,6035,7760,-1725
2024-03-20 04:33:18,6036,7761,-1725
2024-03-20 04:33:23,6038,7762,-1724
2024-03-20 04:33:28,6040,7763,-1723
2024-03-20 04:33:33,6043,7766,-1723
2024-03-20 04:33:38,6044,7769,-1725
2024-03-20 04:33:43,6046,7771,-1725
2024-03-20 04:33:49,6048,7773,-1725
2024-03-20 04:33:54,6048,7774,-1726
2024-03-20 04:33:59,6049,7774,-1725
2024-03-20 04:34:04,6052,7778,-1726
2024-03-20 04:34:09,6052,7779,-1727
2024-03-20 04:34:14,6053,7783,-1730
2024-03-20 04:34:19,6054,7785,-1731
2024-03-20 04:34:24,6054,7788,-1734
2024-03-20 04:34:29,6055,7788,-1733
2024-03-20 04:34:34,6056,7793,-1737
2024-03-20 04:34:39,6058,7798,-1740
2024-03-20 04:34:44,6059,7802,-1743
2024-03-20 04:34:49,6059,7805,-1746
2024-03-20 04:34:54,6061,7807,-1746
2024-03-20 04:34:59,6065,7808,-1743
2024-03-20 04:35:04,6066,7809,-1743
2024-03-20 04:35:09,6068,7810,-1742
2024-03-20 04:35:14,6068,7811,-1743
2024-03-20 04:35:19,6071,7816,-1745
2024-03-20 04:35:24,6073,7817,-1744
2024-03-20 04:35:29,6073,7820,-1747
2024-03-20 04:35:34,6073,7820,-1747
2024-03-20 04:35:39,6076,7821,-1745
2024-03-20 04:35:44,6079,7821,-1742
2024-03-20 04:35:49,6081,7823,-1742
2024-03-20 04:35:54,6082,7823,-1741
2024-03-20 04:35:59,6082,7826,-1744
2024-03-20 04:36:05,6083,7829,-1746
2024-03-20 04:36:10,6086,7833,-1747
2024-03-20 04:36:15,6088,7835,-1747
2024-03-20 04:36:20,6089,7837,-1748
2024-03-20 04:36:25,6092,7838,-1746
2024-03-20 04:36:30,6093,7839,-1746
2024-03-20 04:36:35,6095,7841,-1746
2024-03-20 04:36:40,6096,7844,-1748
2024-03-20 04:36:45,6100,7844,-1744
2024-03-20 04:36:50,6100,7846,-1746
2024-03-20 04:36:55,6100,7847,-1747
2024-03-20 04:37:00,6100,7849,-1749
2024-03-20 04:37:05,6101,7852,-1751
2024-03-20 04:37:10,6102,7852,-1750
2024-03-20 04:37:15,6103,7854,-1751
2024-03-20 04:37:20,6103,7856,-1753
2024-03-20 04:37:25,6106,7856,-1750
2024-03-20 04:37:30,6109,7857,-1748
2024-03-20 04:37:35,6112,7857,-1745
2024-03-20 04:37:40,6115,7859,-1744
2024-03-20 04:37:45,6116,7861,-1745
2024-03-20 04:37:50,6118,7862,-1744
2024-03-20 04:37:55,6120,7863,-1743
2024-03-20 04:38:00,6122,7865,-1743
2024-03-20 04:38:05,6123,7868,-1745
2024-03-20 04:38:10,6124,7870,-1746
2024-03-20 04:38:16,6124,7870,-1746
2024-03-20 04:38:21,6124,7874,-1750
2024-03-20 04:38:26,6125,7876,-1751
2024-03-20 04:38:31,6125,7877,-1752
2024-03-20 04:38:36,6125,7878,-1753
2024-03-20 04:38:41,6125,7880,-1755
2024-03-20 04:38:46,6126,7880,-1754
2024-03-20 04:38:51,6126,7881,-1755
2024-03-20 04:38:56,6126,7881,-1755
2024-03-20 04:39:01,6126,7883,-1757
2024-03-20 04:39:06,6128,7883,-1755
2024-03-20 04:39:11,6131,7884,-1753
2024-03-20 04:39:16,6131,7884,-1753
2024-03-20 04:39:21,6137,7884,-1747
2024-03-20 04:39:26,6140,7885,-1745
2024-03-20 04:39:31,6141,7888,-1747
2024-03-20 04:39:36,6141,7891,-1750
2024-03-20 04:39:41,6142,7891,-1749
2024-03-20 04:39:46,6145,7894,-1749
2024-03-20 04:39:51,6145,7896,-1751
2024-03-20 04:39:56,6147,7899,-1752
2024-03-20 04:40:01,6148,7902,-1754
2024-03-20 04:40:06,6148,7907,-1759
2024-03-20 04:40:11,6152,7912,-1760
2024-03-20 04:40:16,6153,7913,-1760
2024-03-20 04:40:21,6153,7913,-1760
2024-03-20 04:40:26,6153,7916,-1763
2024-03-20 04:40:32,6153,7920,-1767
2024-03-20 04:40:37,6154,7922,-1768
2024-03-20 04:40:42,6154,7922,-1768
2024-03-20 04:40:47,6154,7923,-1769
2024-03-20 04:40:52,6156,7924,-1768
2024-03-20 04:40:57,6156,7925,-1769
2024-03-20 04:41:02,6157,7925,-1768
2024-03-20 04:41:07,6158,7928,-1770
2024-03-20 04:41:12,6159,7928,-1769
2024-03-20 04:41:17,6161,7929,-1768
2024-03-20 04:41:22,6161,7930,-1769
2024-03-20 04:41:27,6161,7932,-1771
2024-03-20 04:41:32,6165,7933,-1768
2024-03-20 04:41:37,6165,7933,-1768
2024-03-20 04:41:42,6168,7934,-1766
2024-03-20 04:41:47,6171,7935,-1764
2024-03-20 04:41:52,6171,7935,-1764
2024-03-20 04:41:57,6171,7936,-1765
2024-03-20 04:42:02,6172,7936,-1764
2024-03-20 04:42:07,6173,7938,-1765
2024-03-20 04:42:12,6174,7943,-1769
2024-03-20 04:42:17,6176,7947,-1771
2024-03-20 04:42:22,6176,7948,-1772
2024-03-20 04:42:27,6177,7951,-1774
2024-03-20 04:42:33,6177,7953,-1776
2024-03-20 04:42:38,6179,7955,-1776
2024-03-20 04:42:43,6182,7956,-1774
2024-03-20 04:42:48,6183,7956,-1773
2024-03-20 04:42:53,6187,7957,-1770
2024-03-20 04:42:58,6190,7961,-1771
2024-03-20 04:43:03,6191,7963,-1772
2024-03-20 04:43:08,6192,7966,-1774
2024-03-20 04:43:13,6192,7966,-1774
2024-03-20 04:43:18,6195,7970,-1775
2024-03-20 04:43:23,6195,7972,-1777
2024-03-20 04:43:28,6195,7975,-1780
2024-03-20 04:43:33,6196,7979,-1783
2024-03-20 04:43:38,6199,7980,-1781
2024-03-20 04:43:43,6203,7981,-1778
2024-03-20 04:43:48,6206,7984,-1778
2024-03-20 04:43:53,6206,7986,-1780
2024-03-20 04:43:58,6207,7988,-1781
2024-03-20 04:44:03,6207,7991,-1784
2024-03-20 04:44:08,6209,7993,-1784
2024-03-20 04:44:13,6211,7993,-1782
2024-03-20 04:44:18,6212,7994,-1782
2024-03-20 04:44:23,6216,7996,-1780
2024-03-20 04:44:28,6218,7997,-1779
2024-03-20 04:44:33,6225,8000,-1775
2024-03-20 04:44:38,6226,8001,-1775
2024-03-20 04:44:43,6227,8001,-1774
2024-03-20 04:44:48,6232,8001,-1769
2024-03-20 04:44:54,6234,8003,-1769
2024-03-20 04:44:59,6235,8009,-1774
2024-03-20 04:45:04,6239,8011,-1772
2024-03-20 04:45:09,6244,8012,-1768
2024-03-20 04:45:14,6248,8013,-1765
2024-03-20 04:45:19,6250,8015,-1765
2024-03-20 04:45:24,6251,8016,-1765
2024-03-20 04:45:29,6251,8018,-1767
2024-03-20 04:45:34,6253,8023,-1770
2024-03-20 04:45:39,6254,8027,-1773
2024-03-20 04:45:44,6254,8028,-1774
2024-03-20 04:45:49,6254,8033,-1779
2024-03-20 04:45:54,6256,8036,-1780
2024-03-20 04:45:59,6259,8036,-1777
2024-03-20 04:46:04,6262,8040,-1778
2024-03-20 04:46:09,6262,8042,-1780
2024-03-20 04:46:14,6264,8049,-1785
2024-03-20 04:46:19,6266,8053,-1787
2024-03-20 04:46:24,6267,8054,-1787
2024-03-20 04:46:29,6268,8056,-1788
2024-03-20 04:46:34,6268,8058,-1790
2024-03-20 04:46:39,6270,8062,-1792
2024-03-20 04:46:44,6270,8062,-1792
2024-03-20 04:46:49,6271,8062,-1791
2024-03-20 04:46:54,6274,8062,-1788
2024-03-20 04:46:59,6276,8062,-1786
2024-03-20 04:47:04,6277,8063,-1786
2024-03-20 04:47:10,6279,8064,-1785
2024-03-20 04:47:15,6280,8065,-1785
2024-03-20 04:47:20,6281,8069,-1788
2024-03-20 04:47:25,6281,8070,-1789
2024-03-20 04:47:30,6282,8073,-1791
2024-03-20 04:47:35,6282,8074,-1792
2024-03-20 04:47:40,6285,8074,-1789
2024-03-20 04:47:45,6285,8075,-1790
2024-03-20 04:47:50,6289,8078,-1789
2024-03-20 04:47:55,6292,8079,-1787
2024-03-20 04:48:00,6294,8085,-1791
2024-03-20 04:48:05,6296,8088,-1792
2024-03-20 04:48:10,6296,8092,-1796
2024-03-20 04:48:15,6299,8094,-1795
2024-03-20 04:48:20,6302,8100,-1798
2024-03-20 04:48:25,6302,8102,-1800
2024-03-20 04:48:30,6302,8106,-1804
2024-03-20 04:48:35,6304,8109,-1805
2024-03-20 04:48:40,6306,8112,-1806
2024-03-20 04:48:45,6306,8115,-1809
2024-03-20 04:48:50,6306,8117,-1811
2024-03-20 04:48:55,6306,8119,-1813
2024-03-20 04:49:00,6307,8121,-1814
2024-03-20 04:49:05,6309,8126,-1817
2024-03-20 04:49:10,6313,8127,-1814
2024-03-20 04:49:15,6313,8129,-1816
2024-03-20 04:49:21,6314,8133,-1819
2024-03-20 04:49:26,6314,8134,-1820
2024-03-20 04:49:31,6315,8134,-1819
2024-03-20 04:49:36,6321,8137,-1816
2024-03-20 04:49:41,6322,8139,-1817
2024-03-20 04:49:46,6323,8142,-1819
2024-03-20 04:49:51,6328,8143,-1815
2024-03-20 04:49:56,6330,8143,-1813
2024-03-20 04:50:01,6331,8146,-1815
2024-03-20 04:50:06,6333,8148,-1815
2024-03-20 04:50:11,6334,8152,-1818
2024-03-20 04:50:16,6334,8153,-1819
2024-03-20 04:50:21,6335,8155,-1820
2024-03-20 04:50:26,6337,8155,-1818
2024-03-20 04:50:31,6337,8158,-1821
2024-03-20 04:50:36,6338,8165,-1827
2024-03-20 04:50:41,6338,8169,-1831
2024-03-20 04:50:46,6338,8171,-1833
2024-03-20 04:50:51,6338,8174,-1836
2024-03-20 04:50:56,6339,8176,-1837
2024-03-20 04:51:01,6339,8182,-1843
2024-03-20 04:51:06,6339,8188,-1849
2024-03-20 04:51:11,6340,8191,-1851
2024-03-20 04:51:16,6340,8191,-1851
2024-03-20 04:51:21,6342,8192,-1850
2024-03-20 04:51:27,6343,8192,-1849
2024-03-20 04:51:32,6344,8193,-1849
2024-03-20 04:51:37,6344,8196,-1852
2024-03-20 04:51:42,6347,8199,-1852
2024-03-20 04:51:47,6349,8205,-1856
2024-03-20 04:51:52,6351,8208,-1857
2024-03-20 04:51:57,6351,8213,-1862
2024-03-20 04:52:02,6353,8218,-1865
2024-03-20 04:52:07,6353,8218,-1865
2024-03-20 04:52:12,6353,8219,-1866
2024-03-20 04:52:17,6354,8220,-1866
2024-03-20 04:52:22,6356,8220,-1864
2024-03-20 04:52:27,6358,8221,-1863
2024-03-20 04:52:32,6361,8223,-1862
2024-03-20 04:52:37,6362,8226,-1864
2024-03-20 04:52:42,6363,8230,-1867
2024-03-20 04:52:47,6369,8232,-1863
2024-03-20 04:52:52,6370,8235,-1865
2024-03-20 04:52:57,6370,8235,-1865
2024-03-20 04:53:02,6372,8240,-1868
2024-03-20 04:53:07,6373,8243,-1870
2024-03-20 04:53:12,6375,8244,-1869
2024-03-20 04:53:17,6376,8246,-1870
2024-03-20 04:53:22,6378,8249,-1871
2024-03-20 04:53:27,6378,8253,-1875
2024-03-20 04:53:32,6378,8257,-1879
2024-03-20 04:53:37,6381,8260,-1879
2024-03-20 04:53:42,6382,8266,-1884
2024-03-20 04:53:47,6382,8270,-1888
2024-03-20 04:53:52,6382,8273,-1891
2024-03-20 04:53:57,6382,8280,-1898
2024-03-20 04:54:02,6382,8286,-1904
2024-03-20 04:54:07,6383,8290,-1907
2024-03-20 04:54:12,6385,8293,-1908
2024-03-20 04:54:17,6386,8296,-1910
2024-03-20 04:54:22,6387,8298,-1911
2024-03-20 04:54:28,6389,8298,-1909
2024-03-20 04:54:33,6391,8299,-1908
2024-03-20 04:54:38,6394,8300,-1906
2024-03-20 04:54:43,6397,8301,-1904
2024-03-20 04:54:48,6399,8301,-1902
2024-03-20 04:54:53,6402,8301,-1899
2024-03-20 04:54:58,6404,8305,-1901
2024-03-20 04:55:03,6405,8307,-1902
2024-03-20 04:55:08,6406,8311,-1905
2024-03-20 04:55:13,6407,8311,-1904
2024-03-20 04:55:18,6411,8313,-1902
2024-03-20 04:55:23,6411,8313,-1902
2024-03-20 04:55:28,6414,8313,-1899
2024-03-20 04:55:33,6414,8314,-1900
2024-03-20 04:55:38,6415,8320,-1905
2024-03-20 04:55:43,6418,8322,-1904
2024-03-20 04:55:48,6424,8324,-1900
2024-03-20 04:55:53,6428,8327,-1899
2024-03-20 04:55:58,6430,8328,-1898
2024-03-20 04:56:03,6431,8332,-1901
2024-03-20 04:56:08,6433,8334,-1901
2024-03-20 04:56:13,6433,8339,-1906
2024-03-20 04:56:18,6433,8342,-1909
2024-03-20 04:56:23,6436,8344,-1908
2024-03-20 04:56:28,6436,8348,-1912
2024-03-20 04:56:33,6439,8351,-1912
2024-03-20 04:56:38,6439,8353,-1914
2024-03-20 04:56:44,6440,8355,-1915
2024-03-20 04:56:49,6441,8358,-1917
2024-03-20 04:56:54,6442,8358,-1916
2024-03-20 04:56:59,6442,8359,-1917
2024-03-20 04:57:04,6446,8359,-1913
2024-03-20 04:57:09,6450,8359,-1909
2024-03-20 04:57:14,6450,8362,-1912
2024-03-20 04:57:19,6451,8365,-1914
2024-03-20 04:57:24,6453,8365,-1912
2024-03-20 04:57:29,6455,8370,-1915
2024-03-20 04:57:34,6456,8370,-1914
2024-03-20 04:57:39,6456,8372,-1916
2024-03-20 04:57:44,6461,8374,-1913
2024-03-20 04:57:49,6462,8375,-1913
2024-03-20 04:57:54,6464,8375,-1911
2024-03-20 04:57:59,6468,8376,-1908
2024-03-20 04:58:04,6476,8379,-1903
2024-03-20 04:58:09,6479,8381,-1902
2024-03-20 04:58:14,6479,8384,-1905
2024-03-20 04:58:19,6479,8386,-1907
2024-03-20 04:58:24,6480,8386,-1906
2024-03-20 04:58:29,6480,8388,-1908
2024-03-20 04:58:34,6482,8390,-1908
2024-03-20 04:58:39,6483,8390,-1907
2024-03-20 04:58:44,6484,8390,-1906
2024-03-20 04:58:49,6484,8390,-1906
2024-03-20 04:58:54,6486,8392,-1906
2024-03-20 04:59:00,6486,8396,-1910
2024-03-20 04:59:05,6486,8399,-1913
2024-03-20 04:59:10,6488,8399,-1911
2024-03-20 04:59:15,6490,8403,-1913
2024-03-20 04:59:20,6491,8403,-1912
2024-03-20 04:59:25,6494,8408,-1914
2024-03-20 04:59:30,6494,8411,-1917
2024-03-20 04:59:35,6495,8412,-1917
2024-03-20 04:59:40,6497,8415,-1918
2024-03-20 04:59:45,6499,8416,-1917
2024-03-20 04:59:50,6499,8417,-1918
2024-03-20 04:59:55,6501,8420,-1919
2024-03-20 05:00:00,6502,8421,-1919
2024-03-20 05:00:05,6502,8422,-1920
2024-03-20 05:00:10,6503,8424,-1921
2024-03-20 05:00:15,6504,8426,-1922
2024-03-20 05:00:20,6506,8428,-1922
2024-03-20 05:00:25,6507,8430,-1923
2024-03-20 05:00:30,6509,8433,-1924
2024-03-20 05:00:35,6509,8438,-1929
2024-03-20 05:00:40,6509,8439,-1930
2024-03-20 05:00:45,6511,8441,-1930
2024-03-20 05:00:50,6512,8444,-1932
2024-03-20 05:00:55,6516,8447,-1931
2024-03-20 05:01:00,6517,8447,-1930
2024-03-20 05:01:05,6518,8451,-1933
2024-03-20 05:01:10,6520,8452,-1932
2024-03-20 05:01:15,6521,8453,-1932
2024-03-20 05:01:21,6524,8456,-1932
2024-03-20 05:01:26,6525,8459,-1934
2024-03-20 05:01:31,6526,8463,-1937
2024-03-20 05:01:36,6528,8463,-1935
2024-03-20 05:01:41,6528,8463,-1935
