Time,People In,People Out,People Inside
2024-03-19 21:12:54,2,2,0
2024-03-19 21:12:59,4,4,0
2024-03-19 21:13:04,5,4,1
2024-03-19 21:13:09,6,7,-1
2024-03-19 21:13:14,6,10,-4
2024-03-19 21:13:20,8,10,-2
2024-03-19 21:13:25,9,11,-2
2024-03-19 21:13:30,9,12,-3
2024-03-19 21:13:35,10,12,-2
2024-03-19 21:13:40,11,13,-2
2024-03-19 21:13:45,12,14,-2
2024-03-19 21:13:50,14,14,0
2024-03-19 21:13:55,16,15,1
2024-03-19 21:14:00,18,16,2
2024-03-19 21:14:05,18,17,1
2024-03-19 21:14:10,18,18,0
2024-03-19 21:14:15,19,19,0
2024-03-19 21:14:20,19,20,-1
2024-03-19 21:14:25,19,23,-4
2024-03-19 21:14:30,22,24,-2
2024-03-19 21:14:35,27,26,1
2024-03-19 21:14:40,30,27,3
2024-03-19 21:14:45,30,27,3
2024-03-19 21:14:50,30,28,2
2024-03-19 21:14:55,30,28,2
2024-03-19 21:15:00,30,28,2
2024-03-19 21:15:05,32,33,-1
2024-03-19 21:15:10,33,33,0
2024-03-19 21:15:15,33,33,0
2024-03-19 21:15:20,33,33,0
2024-03-19 21:15:25,36,34,2
2024-03-19 21:15:31,38,35,3
2024-03-19 21:15:36,38,35,3
2024-03-19 21:15:41,38,35,3
2024-03-19 21:15:46,38,35,3
2024-03-19 21:15:51,39,36,3
2024-03-19 21:15:56,39,38,1
2024-03-19 21:16:01,39,38,1
2024-03-19 21:16:06,41,42,-1
2024-03-19 21:16:11,41,43,-2
2024-03-19 21:16:16,43,45,-2
2024-03-19 21:16:21,45,50,-5
2024-03-19 21:16:26,45,51,-6
2024-03-19 21:16:31,48,53,-5
2024-03-19 21:16:36,50,54,-4
2024-03-19 21:16:41,51,55,-4
2024-03-19 21:16:46,52,55,-3
2024-03-19 21:16:51,54,56,-2
2024-03-19 21:16:56,54,56,-2
2024-03-19 21:17:01,55,56,-1
2024-03-19 21:17:06,56,57,-1
2024-03-19 21:17:11,56,59,-3
2024-03-19 21:17:16,58,60,-2
2024-03-19 21:17:21,59,64,-5
2024-03-19 21:17:26,60,64,-4
2024-03-19 21:17:31,62,65,-3
2024-03-19 21:17:36,63,67,-4
2024-03-19 21:17:41,63,71,-8
2024-03-19 21:17:46,63,71,-8
2024-03-19 21:17:51,65,72,-7
2024-03-19 21:17:57,65,74,-9
2024-03-19 21:18:02,65,74,-9
2024-03-19 21:18:07,65,74,-9
2024-03-19 21:18:12,65,74,-9
2024-03-19 21:18:17,69,76,-7
2024-03-19 21:18:22,70,77,-7
2024-03-19 21:18:27,71,78,-7
2024-03-19 21:18:32,71,79,-8
2024-03-19 21:18:37,72,79,-7
2024-03-19 21:18:42,75,81,-6
2024-03-19 21:18:47,75,81,-6
2024-03-19 21:18:52,75,82,-7
2024-03-19 21:18:57,77,82,-5
2024-03-19 21:19:02,78,83,-5
2024-03-19 21:19:07,80,85,-5
2024-03-19 21:19:12,82,87,-5
2024-03-19 21:19:17,83,89,-6
2024-03-19 21:19:22,83,89,-6
2024-03-19 21:19:27,85,91,-6
2024-03-19 21:19:32,85,92,-7
2024-03-19 21:19:38,87,92,-5
2024-03-19 21:19:43,89,93,-4
2024-03-19 21:19:48,91,93,-2
2024-03-19 21:19:53,94,93,1
2024-03-19 21:19:58,97,96,1
2024-03-19 21:20:03,98,103,-5
2024-03-19 21:20:08,103,107,-4
2024-03-19 21:20:13,103,107,-4
2024-03-19 21:20:18,104,108,-4
2024-03-19 21:20:23,106,109,-3
2024-03-19 21:20:28,107,114,-7
2024-03-19 21:20:33,113,117,-4
2024-03-19 21:20:38,116,120,-4
2024-03-19 21:20:43,118,123,-5
2024-03-19 21:20:48,118,124,-6
2024-03-19 21:20:53,118,124,-6
2024-03-19 21:20:58,118,125,-7
2024-03-19 21:21:04,118,125,-7
2024-03-19 21:21:09,119,125,-6
2024-03-19 21:21:14,121,128,-7
2024-03-19 21:21:19,121,128,-7
2024-03-19 21:21:24,121,129,-8
2024-03-19 21:21:29,121,130,-9
2024-03-19 21:21:34,121,131,-10
2024-03-19 21:21:39,123,135,-12
2024-03-19 21:21:44,124,136,-12
2024-03-19 21:21:49,124,136,-12
2024-03-19 21:21:54,124,136,-12
2024-03-19 21:21:59,124,136,-12
2024-03-19 21:22:04,125,137,-12
2024-03-19 21:22:09,126,138,-12
2024-03-19 21:22:14,126,138,-12
2024-03-19 21:22:19,131,141,-10
2024-03-19 21:22:24,132,143,-11
2024-03-19 21:22:29,132,143,-11
2024-03-19 21:22:34,133,145,-12
2024-03-19 21:22:39,138,147,-9
2024-03-19 21:22:44,140,147,-7
2024-03-19 21:22:49,142,147,-5
2024-03-19 21:22:54,142,148,-6
2024-03-19 21:22:59,142,149,-7
2024-03-19 21:23:04,143,150,-7
2024-03-19 21:23:09,144,150,-6
2024-03-19 21:23:14,144,152,-8
2024-03-19 21:23:19,145,154,-9
2024-03-19 21:23:24,147,157,-10
2024-03-19 21:23:30,151,158,-7
2024-03-19 21:23:35,152,158,-6
2024-03-19 21:23:40,152,158,-6
2024-03-19 21:23:45,152,158,-6
2024-03-19 21:23:50,152,158,-6
2024-03-19 21:23:55,153,159,-6
2024-03-19 21:24:00,153,161,-8
2024-03-19 21:24:05,153,161,-8
2024-03-19 21:24:10,154,161,-7
2024-03-19 21:24:15,154,161,-7
2024-03-19 21:24:20,155,161,-6
2024-03-19 21:24:25,157,161,-4
2024-03-19 21:24:30,158,162,-4
2024-03-19 21:24:35,159,164,-5
2024-03-19 21:24:40,160,169,-9
2024-03-19 21:24:45,161,172,-11
2024-03-19 21:24:50,163,174,-11
2024-03-19 21:24:55,164,176,-12
2024-03-19 21:25:00,165,181,-16
2024-03-19 21:25:05,165,181,-16
2024-03-19 21:25:10,165,182,-17
2024-03-19 21:25:15,165,183,-18
2024-03-19 21:25:20,167,185,-18
2024-03-19 21:25:25,170,189,-19
2024-03-19 21:25:30,172,189,-17
2024-03-19 21:25:35,173,189,-16
2024-03-19 21:25:41,174,189,-15
2024-03-19 21:25:46,175,189,-14
2024-03-19 21:25:51,175,189,-14
2024-03-19 21:25:56,176,190,-14
2024-03-19 21:26:01,176,190,-14
2024-03-19 21:26:06,176,191,-15
2024-03-19 21:26:11,177,193,-16
2024-03-19 21:26:16,178,193,-15
2024-03-19 21:26:21,179,193,-14
2024-03-19 21:26:26,179,194,-15
2024-03-19 21:26:31,179,195,-16
2024-03-19 21:26:36,180,196,-16
2024-03-19 21:26:41,182,198,-16
2024-03-19 21:26:46,183,199,-16
2024-03-19 21:26:51,186,203,-17
2024-03-19 21:26:56,186,203,-17
2024-03-19 21:27:01,186,205,-19
2024-03-19 21:27:06,189,208,-19
2024-03-19 21:27:11,193,211,-18
2024-03-19 21:27:16,197,213,-16
2024-03-19 21:27:21,198,213,-15
2024-03-19 21:27:26,199,213,-14
2024-03-19 21:27:31,201,216,-15
2024-03-19 21:27:36,207,222,-15
2024-03-19 21:27:41,210,225,-15
2024-03-19 21:27:46,212,226,-14
2024-03-19 21:27:51,212,231,-19
2024-03-19 21:27:56,215,235,-20
2024-03-19 21:28:01,216,239,-23
2024-03-19 21:28:06,216,239,-23
2024-03-19 21:28:11,220,244,-24
2024-03-19 21:28:16,225,245,-20
2024-03-19 21:28:21,226,248,-22
2024-03-19 21:28:27,229,249,-20
2024-03-19 21:28:32,229,250,-21
2024-03-19 21:28:37,229,250,-21
2024-03-19 21:28:42,231,250,-19
2024-03-19 21:28:47,232,250,-18
2024-03-19 21:28:52,233,251,-18
2024-03-19 21:28:57,233,253,-20
2024-03-19 21:29:02,235,256,-21
2024-03-19 21:29:07,235,258,-23
2024-03-19 21:29:12,236,260,-24
2024-03-19 21:29:17,236,261,-25
2024-03-19 21:29:22,236,261,-25
2024-03-19 21:29:27,238,264,-26
2024-03-19 21:29:32,243,266,-23
2024-03-19 21:29:37,247,269,-22
2024-03-19 21:29:42,247,270,-23
2024-03-19 21:29:47,248,272,-24
2024-03-19 21:29:52,249,273,-24
2024-03-19 21:29:57,251,274,-23
2024-03-19 21:30:02,254,281,-27
2024-03-19 21:30:07,258,286,-28
2024-03-19 21:30:12,259,288,-29
2024-03-19 21:30:17,260,289,-29
2024-03-19 21:30:22,260,289,-29
2024-03-19 21:30:27,261,290,-29
2024-03-19 21:30:32,263,291,-28
2024-03-19 21:30:37,264,291,-27
2024-03-19 21:30:43,268,292,-24
2024-03-19 21:30:48,268,293,-25
2024-03-19 21:30:53,270,295,-25
2024-03-19 21:30:58,274,298,-24
2024-03-19 21:31:03,278,301,-23
2024-03-19 21:31:08,283,306,-23
2024-03-19 21:31:13,284,308,-24
2024-03-19 21:31:18,284,308,-24
2024-03-19 21:31:23,286,309,-23
2024-03-19 21:31:28,286,309,-23
2024-03-19 21:31:33,288,311,-23
2024-03-19 21:31:38,288,312,-24
2024-03-19 21:31:43,289,312,-23
2024-03-19 21:31:48,290,312,-22
2024-03-19 21:31:53,294,318,-24
2024-03-19 21:31:58,297,321,-24
2024-03-19 21:32:03,298,323,-25
2024-03-19 21:32:08,301,329,-28
2024-03-19 21:32:13,312,336,-24
2024-03-19 21:32:18,313,338,-25
2024-03-19 21:32:23,314,340,-26
2024-03-19 21:32:28,318,345,-27
2024-03-19 21:32:33,320,348,-28
2024-03-19 21:32:38,325,354,-29
2024-03-19 21:32:43,329,357,-28
2024-03-19 21:32:49,329,361,-32
2024-03-19 21:32:54,331,363,-32
2024-03-19 21:32:59,331,363,-32
2024-03-19 21:33:04,331,364,-33
2024-03-19 21:33:09,332,365,-33
2024-03-19 21:33:14,335,369,-34
2024-03-19 21:33:19,335,371,-36
2024-03-19 21:33:24,337,374,-37
2024-03-19 21:33:29,338,377,-39
2024-03-19 21:33:34,341,379,-38
2024-03-19 21:33:39,346,385,-39
2024-03-19 21:33:44,347,386,-39
2024-03-19 21:33:49,351,386,-35
2024-03-19 21:33:54,352,386,-34
2024-03-19 21:33:59,353,386,-33
2024-03-19 21:34:04,353,386,-33
2024-03-19 21:34:09,355,388,-33
2024-03-19 21:34:14,357,390,-33
2024-03-19 21:34:19,358,392,-34
2024-03-19 21:34:24,360,394,-34
2024-03-19 21:34:29,361,394,-33
2024-03-19 21:34:34,364,398,-34
2024-03-19 21:34:39,366,398,-32
2024-03-19 21:34:44,368,399,-31
2024-03-19 21:34:49,368,399,-31
2024-03-19 21:34:54,370,402,-32
2024-03-19 21:34:59,374,405,-31
2024-03-19 21:35:04,375,405,-30
2024-03-19 21:35:09,379,407,-28
2024-03-19 21:35:14,379,408,-29
2024-03-19 21:35:19,381,408,-27
2024-03-19 21:35:25,381,409,-28
2024-03-19 21:35:30,381,409,-28
2024-03-19 21:35:35,381,409,-28
2024-03-19 21:35:40,382,409,-27
2024-03-19 21:35:45,383,410,-27
2024-03-19 21:35:50,385,411,-26
2024-03-19 21:35:55,385,414,-29
2024-03-19 21:36:00,388,414,-26
2024-03-19 21:36:05,391,415,-24
2024-03-19 21:36:10,391,416,-25
2024-03-19 21:36:15,396,418,-22
2024-03-19 21:36:20,396,418,-22
2024-03-19 21:36:25,397,418,-21
2024-03-19 21:36:30,398,420,-22
2024-03-19 21:36:35,401,425,-24
2024-03-19 21:36:40,401,426,-25
2024-03-19 21:36:45,402,426,-24
2024-03-19 21:36:50,402,427,-25
2024-03-19 21:36:55,404,428,-24
2024-03-19 21:37:00,405,430,-25
2024-03-19 21:37:05,406,433,-27
2024-03-19 21:37:10,407,435,-28
2024-03-19 21:37:15,409,436,-27
2024-03-19 21:37:20,410,437,-27
2024-03-19 21:37:25,410,437,-27
2024-03-19 21:37:30,411,437,-26
2024-03-19 21:37:36,412,438,-26
2024-03-19 21:37:41,412,439,-27
2024-03-19 21:37:46,412,439,-27
2024-03-19 21:37:51,415,440,-25
2024-03-19 21:37:56,421,445,-24
2024-03-19 21:38:01,422,447,-25
2024-03-19 21:38:06,424,449,-25
2024-03-19 21:38:11,425,450,-25
2024-03-19 21:38:16,427,452,-25
2024-03-19 21:38:21,429,456,-27
2024-03-19 21:38:26,432,457,-25
2024-03-19 21:38:31,434,463,-29
2024-03-19 21:38:36,436,468,-32
2024-03-19 21:38:41,440,474,-34
2024-03-19 21:38:46,441,476,-35
2024-03-19 21:38:51,446,482,-36
2024-03-19 21:38:56,447,485,-38
2024-03-19 21:39:01,448,485,-37
2024-03-19 21:39:06,451,487,-36
2024-03-19 21:39:11,455,490,-35
2024-03-19 21:39:16,456,490,-34
2024-03-19 21:39:21,457,495,-38
2024-03-19 21:39:26,460,496,-36
2024-03-19 21:39:32,464,498,-34
2024-03-19 21:39:37,465,499,-34
2024-03-19 21:39:42,468,500,-32
2024-03-19 21:39:47,469,503,-34
2024-03-19 21:39:52,470,505,-35
2024-03-19 21:39:57,473,507,-34
2024-03-19 21:40:02,473,507,-34
2024-03-19 21:40:07,476,511,-35
2024-03-19 21:40:12,479,514,-35
2024-03-19 21:40:17,481,514,-33
2024-03-19 21:40:22,482,514,-32
2024-03-19 21:40:27,482,515,-33
2024-03-19 21:40:32,486,517,-31
2024-03-19 21:40:37,486,517,-31
2024-03-19 21:40:42,486,517,-31
2024-03-19 21:40:47,486,517,-31
2024-03-19 21:40:52,488,521,-33
2024-03-19 21:40:57,488,522,-34
2024-03-19 21:41:02,491,524,-33
2024-03-19 21:41:07,497,530,-33
2024-03-19 21:41:12,498,531,-33
2024-03-19 21:41:17,502,533,-31
2024-03-19 21:41:22,503,535,-32
2024-03-19 21:41:27,510,542,-32
2024-03-19 21:41:32,513,544,-31
2024-03-19 21:41:38,515,547,-32
2024-03-19 21:41:43,517,549,-32
2024-03-19 21:41:48,518,550,-32
2024-03-19 21:41:53,520,553,-33
2024-03-19 21:41:58,521,554,-33
2024-03-19 21:42:03,522,554,-32
2024-03-19 21:42:08,524,555,-31
2024-03-19 21:42:13,528,556,-28
2024-03-19 21:42:18,530,558,-28
2024-03-19 21:42:23,532,562,-30
2024-03-19 21:42:28,534,564,-30
2024-03-19 21:42:33,535,565,-30
2024-03-19 21:42:38,535,566,-31
2024-03-19 21:42:43,535,566,-31
2024-03-19 21:42:48,536,567,-31
2024-03-19 21:42:53,536,567,-31
2024-03-19 21:42:58,537,567,-30
2024-03-19 21:43:03,538,568,-30
2024-03-19 21:43:08,538,570,-32
2024-03-19 21:43:13,538,570,-32
2024-03-19 21:43:18,539,572,-33
2024-03-19 21:43:23,546,576,-30
2024-03-19 21:43:28,546,576,-30
2024-03-19 21:43:33,546,576,-30
2024-03-19 21:43:38,552,582,-30
2024-03-19 21:43:43,553,584,-31
2024-03-19 21:43:48,559,589,-30
2024-03-19 21:43:53,560,590,-30
2024-03-19 21:43:58,563,593,-30
2024-03-19 21:44:03,563,594,-31
2024-03-19 21:44:09,565,595,-30
2024-03-19 21:44:14,569,598,-29
2024-03-19 21:44:19,571,600,-29
2024-03-19 21:44:24,575,600,-25
2024-03-19 21:44:29,578,603,-25
2024-03-19 21:44:34,578,604,-26
2024-03-19 21:44:39,578,608,-30
2024-03-19 21:44:44,580,610,-30
2024-03-19 21:44:49,584,612,-28
2024-03-19 21:44:54,585,613,-28
2024-03-19 21:44:59,588,617,-29
2024-03-19 21:45:04,590,621,-31
2024-03-19 21:45:09,593,623,-30
2024-03-19 21:45:14,595,627,-32
2024-03-19 21:45:19,596,629,-33
2024-03-19 21:45:24,599,630,-31
2024-03-19 21:45:29,599,630,-31
2024-03-19 21:45:34,599,630,-31
2024-03-19 21:45:39,599,630,-31
2024-03-19 21:45:44,600,630,-30
2024-03-19 21:45:49,604,634,-30
2024-03-19 21:45:54,607,637,-30
2024-03-19 21:45:59,610,642,-32
2024-03-19 21:46:04,610,644,-34
2024-03-19 21:46:10,613,650,-37
2024-03-19 21:46:15,615,652,-37
2024-03-19 21:46:20,615,653,-38
2024-03-19 21:46:25,616,654,-38
2024-03-19 21:46:30,619,656,-37
2024-03-19 21:46:35,620,658,-38
2024-03-19 21:46:40,621,659,-38
2024-03-19 21:46:45,622,659,-37
2024-03-19 21:46:50,625,659,-34
2024-03-19 21:46:55,625,659,-34
2024-03-19 21:47:00,625,660,-35
2024-03-19 21:47:05,626,662,-36
2024-03-19 21:47:10,626,663,-37
2024-03-19 21:47:15,628,663,-35
2024-03-19 21:47:20,629,664,-35
2024-03-19 21:47:25,630,666,-36
2024-03-19 21:47:30,630,668,-38
2024-03-19 21:47:35,631,669,-38
2024-03-19 21:47:40,635,674,-39
2024-03-19 21:47:45,637,676,-39
2024-03-19 21:47:50,638,679,-41
2024-03-19 21:47:55,641,682,-41
2024-03-19 21:48:00,643,685,-42
2024-03-19 21:48:05,644,686,-42
2024-03-19 21:48:10,644,686,-42
2024-03-19 21:48:15,647,689,-42
2024-03-19 21:48:20,653,693,-40
2024-03-19 21:48:25,653,693,-40
2024-03-19 21:48:30,653,693,-40
2024-03-19 21:48:35,655,695,-40
2024-03-19 21:48:40,660,702,-42
2024-03-19 21:48:45,660,702,-42
2024-03-19 21:48:50,663,704,-41
2024-03-19 21:48:55,663,707,-44
2024-03-19 21:49:01,664,707,-43
2024-03-19 21:49:06,668,709,-41
2024-03-19 21:49:11,670,714,-44
2024-03-19 21:49:16,671,717,-46
2024-03-19 21:49:21,676,719,-43
2024-03-19 21:49:26,679,720,-41
2024-03-19 21:49:31,680,723,-43
2024-03-19 21:49:36,681,725,-44
2024-03-19 21:49:41,683,728,-45
2024-03-19 21:49:46,688,731,-43
2024-03-19 21:49:51,690,738,-48
2024-03-19 21:49:56,691,738,-47
2024-03-19 21:50:01,694,738,-44
2024-03-19 21:50:06,697,740,-43
2024-03-19 21:50:11,700,742,-42
2024-03-19 21:50:16,700,742,-42
2024-03-19 21:50:21,700,742,-42
2024-03-19 21:50:26,700,744,-44
2024-03-19 21:50:31,700,744,-44
2024-03-19 21:50:36,703,745,-42
2024-03-19 21:50:41,707,746,-39
2024-03-19 21:50:46,708,747,-39
2024-03-19 21:50:51,708,751,-43
2024-03-19 21:50:56,708,754,-46
2024-03-19 21:51:02,709,754,-45
2024-03-19 21:51:07,709,756,-47
2024-03-19 21:51:12,710,756,-46
2024-03-19 21:51:17,710,756,-46
2024-03-19 21:51:22,710,757,-47
2024-03-19 21:51:27,711,757,-46
2024-03-19 21:51:32,712,758,-46
2024-03-19 21:51:37,713,758,-45
2024-03-19 21:51:42,713,758,-45
2024-03-19 21:51:47,713,758,-45
2024-03-19 21:51:52,715,759,-44
2024-03-19 21:51:57,716,760,-44
2024-03-19 21:52:02,718,760,-42
2024-03-19 21:52:07,719,760,-41
2024-03-19 21:52:12,720,760,-40
2024-03-19 21:52:17,720,760,-40
2024-03-19 21:52:22,723,760,-37
2024-03-19 21:52:27,727,762,-35
2024-03-19 21:52:32,729,766,-37
2024-03-19 21:52:37,729,766,-37
2024-03-19 21:52:42,730,772,-42
2024-03-19 21:52:47,732,774,-42
2024-03-19 21:52:52,732,774,-42
2024-03-19 21:52:57,734,776,-42
2024-03-19 21:53:03,737,782,-45
2024-03-19 21:53:08,737,782,-45
2024-03-19 21:53:13,741,788,-47
2024-03-19 21:53:18,742,789,-47
2024-03-19 21:53:23,743,789,-46
2024-03-19 21:53:28,743,790,-47
2024-03-19 21:53:33,743,793,-50
2024-03-19 21:53:38,743,793,-50
2024-03-19 21:53:43,743,793,-50
2024-03-19 21:53:48,744,794,-50
2024-03-19 21:53:53,744,795,-51
2024-03-19 21:53:58,744,796,-52
2024-03-19 21:54:03,749,797,-48
2024-03-19 21:54:08,752,798,-46
2024-03-19 21:54:13,755,803,-48
2024-03-19 21:54:18,758,807,-49
2024-03-19 21:54:23,758,809,-51
2024-03-19 21:54:28,759,810,-51
2024-03-19 21:54:33,760,810,-50
2024-03-19 21:54:38,760,811,-51
2024-03-19 21:54:43,761,811,-50
2024-03-19 21:54:48,763,813,-50
2024-03-19 21:54:53,766,814,-48
2024-03-19 21:54:58,766,814,-48
2024-03-19 21:55:04,767,815,-48
2024-03-19 21:55:09,770,818,-48
2024-03-19 21:55:14,770,818,-48
2024-03-19 21:55:19,773,818,-45
2024-03-19 21:55:24,777,820,-43
2024-03-19 21:55:29,778,821,-43
2024-03-19 21:55:34,782,823,-41
2024-03-19 21:55:39,785,825,-40
2024-03-19 21:55:44,788,826,-38
2024-03-19 21:55:49,790,833,-43
2024-03-19 21:55:54,792,838,-46
2024-03-19 21:55:59,794,841,-47
2024-03-19 21:56:04,798,843,-45
2024-03-19 21:56:09,800,843,-43
2024-03-19 21:56:14,801,843,-42
2024-03-19 21:56:19,803,843,-40
2024-03-19 21:56:24,805,844,-39
2024-03-19 21:56:29,805,844,-39
2024-03-19 21:56:34,805,844,-39
2024-03-19 21:56:39,806,845,-39
2024-03-19 21:56:44,806,845,-39
2024-03-19 21:56:49,810,845,-35
2024-03-19 21:56:54,812,847,-35
2024-03-19 21:56:59,812,848,-36
2024-03-19 21:57:04,814,848,-34
2024-03-19 21:57:09,814,848,-34
2024-03-19 21:57:14,816,849,-33
2024-03-19 21:57:20,817,851,-34
2024-03-19 21:57:25,818,852,-34
2024-03-19 21:57:30,819,853,-34
2024-03-19 21:57:35,820,855,-35
2024-03-19 21:57:40,821,858,-37
2024-03-19 21:57:45,825,861,-36
2024-03-19 21:57:50,829,862,-33
2024-03-19 21:57:55,829,863,-34
2024-03-19 21:58:00,830,866,-36
2024-03-19 21:58:05,830,868,-38
2024-03-19 21:58:10,830,868,-38
2024-03-19 21:58:15,832,871,-39
2024-03-19 21:58:20,832,871,-39
2024-03-19 21:58:25,833,872,-39
2024-03-19 21:58:30,833,872,-39
2024-03-19 21:58:35,833,872,-39
2024-03-19 21:58:40,834,872,-38
2024-03-19 21:58:45,834,872,-38
2024-03-19 21:58:50,835,872,-37
2024-03-19 21:58:55,835,872,-37
2024-03-19 21:59:00,836,873,-37
2024-03-19 21:59:05,837,876,-39
2024-03-19 21:59:10,837,878,-41
2024-03-19 21:59:16,838,878,-40
2024-03-19 21:59:21,840,879,-39
2024-03-19 21:59:26,840,880,-40
2024-03-19 21:59:31,841,881,-40
2024-03-19 21:59:36,843,883,-40
2024-03-19 21:59:41,843,885,-42
2024-03-19 21:59:46,843,886,-43
2024-03-19 21:59:51,843,888,-45
2024-03-19 21:59:56,843,890,-47
2024-03-19 22:00:01,843,891,-48
2024-03-19 22:00:06,843,891,-48
2024-03-19 22:00:11,843,891,-48
2024-03-19 22:00:16,844,891,-47
2024-03-19 22:00:21,847,894,-47
2024-03-19 22:00:26,848,898,-50
2024-03-19 22:00:31,849,898,-49
2024-03-19 22:00:36,851,898,-47
2024-03-19 22:00:41,851,900,-49
2024-03-19 22:00:46,853,902,-49
2024-03-19 22:00:51,855,905,-50
2024-03-19 22:00:56,855,907,-52
2024-03-19 22:01:01,856,909,-53
2024-03-19 22:01:06,858,909,-51
2024-03-19 22:01:11,861,910,-49
2024-03-19 22:01:16,862,910,-48
2024-03-19 22:01:21,864,911,-47
2024-03-19 22:01:26,865,912,-47
2024-03-19 22:01:31,866,914,-48
2024-03-19 22:01:36,868,915,-47
2024-03-19 22:01:41,869,915,-46
2024-03-19 22:01:47,872,915,-43
2024-03-19 22:01:52,874,916,-42
2024-03-19 22:01:57,875,916,-41
2024-03-19 22:02:02,876,916,-40
2024-03-19 22:02:07,876,916,-40
2024-03-19 22:02:12,876,916,-40
2024-03-19 22:02:17,876,916,-40
2024-03-19 22:02:22,878,917,-39
2024-03-19 22:02:27,879,921,-42
2024-03-19 22:02:32,880,924,-44
2024-03-19 22:02:37,881,924,-43
2024-03-19 22:02:42,882,926,-44
2024-03-19 22:02:47,882,927,-45
2024-03-19 22:02:52,884,927,-43
2024-03-19 22:02:57,884,928,-44
2024-03-19 22:03:02,884,928,-44
2024-03-19 22:03:07,886,933,-47
2024-03-19 22:03:12,886,935,-49
2024-03-19 22:03:17,886,935,-49
2024-03-19 22:03:22,889,935,-46
2024-03-19 22:03:27,889,935,-46
2024-03-19 22:03:32,889,935,-46
2024-03-19 22:03:37,889,935,-46
2024-03-19 22:03:42,890,935,-45
2024-03-19 22:03:48,891,935,-44
2024-03-19 22:03:53,891,935,-44
2024-03-19 22:03:58,892,937,-45
2024-03-19 22:04:03,894,940,-46
2024-03-19 22:04:08,894,943,-49
2024-03-19 22:04:13,894,945,-51
2024-03-19 22:04:18,894,947,-53
2024-03-19 22:04:23,894,950,-56
2024-03-19 22:04:28,895,954,-59
2024-03-19 22:04:33,895,956,-61
2024-03-19 22:04:38,896,957,-61
2024-03-19 22:04:43,896,962,-66
2024-03-19 22:04:48,897,964,-67
2024-03-19 22:04:53,899,965,-66
2024-03-19 22:04:58,899,965,-66
2024-03-19 22:05:03,899,968,-69
2024-03-19 22:05:08,900,968,-68
2024-03-19 22:05:13,900,968,-68
2024-03-19 22:05:18,901,969,-68
2024-03-19 22:05:23,903,969,-66
2024-03-19 22:05:28,905,969,-64
2024-03-19 22:05:33,905,970,-65
2024-03-19 22:05:38,907,970,-63
2024-03-19 22:05:43,908,972,-64
2024-03-19 22:05:48,909,972,-63
2024-03-19 22:05:53,910,973,-63
2024-03-19 22:05:58,910,978,-68
2024-03-19 22:06:04,913,978,-65
2024-03-19 22:06:09,915,978,-63
2024-03-19 22:06:14,917,980,-63
2024-03-19 22:06:19,920,982,-62
2024-03-19 22:06:24,925,983,-58
2024-03-19 22:06:29,928,984,-56
2024-03-19 22:06:34,928,984,-56
2024-03-19 22:06:39,929,984,-55
2024-03-19 22:06:44,929,986,-57
2024-03-19 22:06:49,929,989,-60
2024-03-19 22:06:54,929,989,-60
2024-03-19 22:06:59,932,989,-57
2024-03-19 22:07:04,932,989,-57
2024-03-19 22:07:09,933,989,-56
2024-03-19 22:07:14,933,989,-56
2024-03-19 22:07:19,934,991,-57
2024-03-19 22:07:24,935,991,-56
2024-03-19 22:07:29,935,991,-56
2024-03-19 22:07:34,936,992,-56
2024-03-19 22:07:39,936,993,-57
2024-03-19 22:07:44,937,996,-59
2024-03-19 22:07:50,940,998,-58
2024-03-19 22:07:55,940,1000,-60
2024-03-19 22:08:00,943,1003,-60
2024-03-19 22:08:05,945,1006,-61
2024-03-19 22:08:10,947,1007,-60
2024-03-19 22:08:15,948,1007,-59
2024-03-19 22:08:20,949,1007,-58
2024-03-19 22:08:25,952,1008,-56
2024-03-19 22:08:30,954,1010,-56
2024-03-19 22:08:35,955,1010,-55
2024-03-19 22:08:40,955,1010,-55
2024-03-19 22:08:45,955,1013,-58
2024-03-19 22:08:50,957,1014,-57
2024-03-19 22:08:55,961,1015,-54
2024-03-19 22:09:00,961,1016,-55
2024-03-19 22:09:05,961,1017,-56
2024-03-19 22:09:10,963,1018,-55
2024-03-19 22:09:15,964,1021,-57
2024-03-19 22:09:20,964,1024,-60
2024-03-19 22:09:25,966,1024,-58
2024-03-19 22:09:30,966,1028,-62
2024-03-19 22:09:35,968,1029,-61
2024-03-19 22:09:40,971,1032,-61
2024-03-19 22:09:45,971,1036,-65
2024-03-19 22:09:50,973,1038,-65
2024-03-19 22:09:56,973,1039,-66
2024-03-19 22:10:01,974,1039,-65
2024-03-19 22:10:06,976,1041,-65
2024-03-19 22:10:11,978,1041,-63
2024-03-19 22:10:16,979,1042,-63
2024-03-19 22:10:21,979,1042,-63
2024-03-19 22:10:26,980,1043,-63
2024-03-19 22:10:31,981,1045,-64
2024-03-19 22:10:36,981,1046,-65
2024-03-19 22:10:41,985,1051,-66
2024-03-19 22:10:46,986,1051,-65
2024-03-19 22:10:51,988,1054,-66
2024-03-19 22:10:56,990,1056,-66
2024-03-19 22:11:01,993,1061,-68
2024-03-19 22:11:06,995,1063,-68
2024-03-19 22:11:11,995,1066,-71
2024-03-19 22:11:16,997,1066,-69
2024-03-19 22:11:21,997,1066,-69
2024-03-19 22:11:26,998,1069,-71
2024-03-19 22:11:31,1000,1069,-69
2024-03-19 22:11:36,1000,1069,-69
2024-03-19 22:11:41,1000,1070,-70
2024-03-19 22:11:46,1000,1070,-70
2024-03-19 22:11:51,1000,1070,-70
2024-03-19 22:11:57,1003,1070,-67
2024-03-19 22:12:02,1005,1072,-67
2024-03-19 22:12:07,1007,1074,-67
2024-03-19 22:12:12,1008,1074,-66
2024-03-19 22:12:17,1008,1074,-66
2024-03-19 22:12:22,1009,1076,-67
2024-03-19 22:12:27,1009,1077,-68
2024-03-19 22:12:32,1010,1079,-69
2024-03-19 22:12:37,1014,1084,-70
2024-03-19 22:12:42,1014,1084,-70
2024-03-19 22:12:47,1015,1091,-76
2024-03-19 22:12:52,1016,1092,-76
2024-03-19 22:12:57,1016,1092,-76
2024-03-19 22:13:02,1017,1094,-77
2024-03-19 22:13:07,1017,1095,-78
2024-03-19 22:13:12,1018,1099,-81
2024-03-19 22:13:17,1019,1103,-84
2024-03-19 22:13:22,1020,1104,-84
2024-03-19 22:13:27,1024,1105,-81
2024-03-19 22:13:32,1026,1105,-79
2024-03-19 22:13:37,1028,1108,-80
2024-03-19 22:13:42,1028,1108,-80
2024-03-19 22:13:47,1028,1108,-80
2024-03-19 22:13:53,1031,1110,-79
2024-03-19 22:13:58,1034,1112,-78
2024-03-19 22:14:03,1035,1113,-78
2024-03-19 22:14:08,1035,1114,-79
2024-03-19 22:14:13,1035,1116,-81
2024-03-19 22:14:18,1038,1121,-83
2024-03-19 22:14:23,1040,1123,-83
2024-03-19 22:14:28,1042,1126,-84
2024-03-19 22:14:33,1043,1130,-87
2024-03-19 22:14:38,1043,1134,-91
2024-03-19 22:14:43,1043,1136,-93
2024-03-19 22:14:48,1044,1140,-96
2024-03-19 22:14:53,1045,1142,-97
2024-03-19 22:14:58,1045,1142,-97
2024-03-19 22:15:03,1046,1142,-96
2024-03-19 22:15:08,1049,1143,-94
2024-03-19 22:15:13,1049,1143,-94
2024-03-19 22:15:18,1049,1143,-94
2024-03-19 22:15:23,1049,1143,-94
2024-03-19 22:15:28,1049,1144,-95
2024-03-19 22:15:33,1049,1144,-95
2024-03-19 22:15:38,1049,1144,-95
2024-03-19 22:15:43,1053,1145,-92
2024-03-19 22:15:48,1057,1145,-88
2024-03-19 22:15:53,1057,1146,-89
2024-03-19 22:15:59,1061,1148,-87
2024-03-19 22:16:04,1063,1149,-86
2024-03-19 22:16:09,1063,1152,-89
2024-03-19 22:16:14,1066,1157,-91
2024-03-19 22:16:19,1066,1159,-93
2024-03-19 22:16:24,1066,1160,-94
2024-03-19 22:16:29,1067,1160,-93
2024-03-19 22:16:34,1069,1162,-93
2024-03-19 22:16:39,1070,1168,-98
2024-03-19 22:16:44,1071,1170,-99
2024-03-19 22:16:49,1071,1172,-101
2024-03-19 22:16:54,1071,1173,-102
2024-03-19 22:16:59,1072,1174,-102
2024-03-19 22:17:04,1073,1176,-103
2024-03-19 22:17:09,1073,1176,-103
2024-03-19 22:17:14,1073,1177,-104
2024-03-19 22:17:19,1073,1177,-104
2024-03-19 22:17:24,1073,1179,-106
2024-03-19 22:17:29,1074,1180,-106
2024-03-19 22:17:34,1075,1181,-106
2024-03-19 22:17:39,1077,1182,-105
2024-03-19 22:17:44,1077,1186,-109
2024-03-19 22:17:49,1078,1190,-112
2024-03-19 22:17:54,1079,1195,-116
2024-03-19 22:17:59,1080,1198,-118
2024-03-19 22:18:04,1083,1202,-119
2024-03-19 22:18:09,1084,1203,-119
2024-03-19 22:18:14,1087,1205,-118
2024-03-19 22:18:20,1090,1206,-116
2024-03-19 22:18:25,1090,1206,-116
2024-03-19 22:18:30,1091,1207,-116
2024-03-19 22:18:35,1094,1208,-114
2024-03-19 22:18:40,1094,1211,-117
2024-03-19 22:18:45,1097,1212,-115
2024-03-19 22:18:50,1101,1212,-111
2024-03-19 22:18:55,1102,1213,-111
2024-03-19 22:19:00,1105,1215,-110
2024-03-19 22:19:05,1107,1216,-109
2024-03-19 22:19:10,1107,1217,-110
2024-03-19 22:19:15,1111,1221,-110
2024-03-19 22:19:20,1112,1223,-111
2024-03-19 22:19:25,1114,1227,-113
2024-03-19 22:19:30,1117,1231,-114
2024-03-19 22:19:35,1119,1237,-118
2024-03-19 22:19:40,1119,1237,-118
2024-03-19 22:19:45,1121,1239,-118
2024-03-19 22:19:50,1123,1243,-120
2024-03-19 22:19:55,1125,1247,-122
2024-03-19 22:20:00,1126,1249,-123
2024-03-19 22:20:05,1128,1252,-124
2024-03-19 22:20:10,1128,1253,-125
2024-03-19 22:20:15,1131,1255,-124
2024-03-19 22:20:20,1133,1257,-124
2024-03-19 22:20:25,1133,1257,-124
2024-03-19 22:20:31,1134,1258,-124
2024-03-19 22:20:36,1137,1258,-121
2024-03-19 22:20:41,1137,1260,-123
2024-03-19 22:20:46,1138,1263,-125
2024-03-19 22:20:51,1138,1263,-125
2024-03-19 22:20:56,1139,1264,-125
2024-03-19 22:21:01,1141,1267,-126
2024-03-19 22:21:06,1142,1270,-128
2024-03-19 22:21:11,1142,1274,-132
2024-03-19 22:21:16,1142,1275,-133
2024-03-19 22:21:21,1142,1277,-135
2024-03-19 22:21:26,1145,1278,-133
2024-03-19 22:21:31,1145,1279,-134
2024-03-19 22:21:36,1146,1279,-133
2024-03-19 22:21:41,1149,1281,-132
2024-03-19 22:21:46,1150,1284,-134
2024-03-19 22:21:51,1151,1284,-133
2024-03-19 22:21:56,1152,1286,-134
2024-03-19 22:22:01,1152,1287,-135
2024-03-19 22:22:06,1152,1289,-137
2024-03-19 22:22:11,1153,1290,-137
2024-03-19 22:22:16,1153,1291,-138
2024-03-19 22:22:21,1154,1291,-137
2024-03-19 22:22:26,1155,1291,-136
2024-03-19 22:22:31,1156,1292,-136
2024-03-19 22:22:36,1156,1293,-137
2024-03-19 22:22:41,1157,1293,-136
2024-03-19 22:22:47,1158,1295,-137
2024-03-19 22:22:52,1159,1297,-138
2024-03-19 22:22:57,1160,1299,-139
2024-03-19 22:23:02,1162,1305,-143
2024-03-19 22:23:07,1162,1305,-143
2024-03-19 22:23:12,1163,1306,-143
2024-03-19 22:23:17,1164,1312,-148
2024-03-19 22:23:22,1167,1317,-150
2024-03-19 22:23:27,1167,1320,-153
2024-03-19 22:23:32,1168,1321,-153
2024-03-19 22:23:37,1168,1321,-153
2024-03-19 22:23:42,1169,1321,-152
2024-03-19 22:23:47,1172,1322,-150
2024-03-19 22:23:52,1172,1322,-150
2024-03-19 22:23:57,1172,1322,-150
2024-03-19 22:24:02,1172,1322,-150
2024-03-19 22:24:07,1174,1323,-149
2024-03-19 22:24:12,1176,1323,-147
2024-03-19 22:24:17,1177,1326,-149
2024-03-19 22:24:22,1181,1329,-148
2024-03-19 22:24:27,1184,1335,-151
2024-03-19 22:24:32,1186,1339,-153
2024-03-19 22:24:37,1187,1342,-155
2024-03-19 22:24:42,1189,1344,-155
2024-03-19 22:24:48,1193,1345,-152
2024-03-19 22:24:53,1197,1349,-152
2024-03-19 22:24:58,1198,1353,-155
2024-03-19 22:25:03,1198,1357,-159
2024-03-19 22:25:08,1198,1357,-159
2024-03-19 22:25:13,1203,1362,-159
2024-03-19 22:25:18,1207,1363,-156
2024-03-19 22:25:23,1209,1365,-156
2024-03-19 22:25:28,1209,1365,-156
2024-03-19 22:25:33,1210,1365,-155
2024-03-19 22:25:38,1211,1366,-155
2024-03-19 22:25:43,1212,1366,-154
2024-03-19 22:25:48,1212,1366,-154
2024-03-19 22:25:53,1214,1367,-153
2024-03-19 22:25:58,1216,1369,-153
2024-03-19 22:26:03,1217,1375,-158
2024-03-19 22:26:08,1218,1382,-164
2024-03-19 22:26:13,1218,1386,-168
2024-03-19 22:26:18,1218,1387,-169
2024-03-19 22:26:23,1219,1389,-170
2024-03-19 22:26:28,1219,1392,-173
2024-03-19 22:26:33,1220,1395,-175
2024-03-19 22:26:38,1221,1396,-175
2024-03-19 22:26:43,1222,1401,-179
2024-03-19 22:26:48,1222,1401,-179
2024-03-19 22:26:53,1224,1403,-179
2024-03-19 22:26:58,1225,1406,-181
2024-03-19 22:27:03,1228,1406,-178
2024-03-19 22:27:08,1229,1407,-178
2024-03-19 22:27:13,1231,1409,-178
2024-03-19 22:27:18,1231,1409,-178
2024-03-19 22:27:24,1234,1411,-177
2024-03-19 22:27:29,1235,1411,-176
2024-03-19 22:27:34,1240,1415,-175
2024-03-19 22:27:39,1241,1418,-177
2024-03-19 22:27:44,1242,1418,-176
2024-03-19 22:27:49,1242,1424,-182
2024-03-19 22:27:54,1246,1428,-182
2024-03-19 22:27:59,1248,1428,-180
2024-03-19 22:28:04,1249,1431,-182
2024-03-19 22:28:09,1251,1436,-185
2024-03-19 22:28:14,1251,1439,-188
2024-03-19 22:28:19,1251,1440,-189
2024-03-19 22:28:24,1251,1440,-189
2024-03-19 22:28:29,1255,1440,-185
2024-03-19 22:28:34,1255,1441,-186
2024-03-19 22:28:39,1255,1441,-186
2024-03-19 22:28:44,1256,1443,-187
2024-03-19 22:28:49,1256,1443,-187
2024-03-19 22:28:54,1259,1444,-185
2024-03-19 22:28:59,1261,1446,-185
2024-03-19 22:29:04,1261,1447,-186
2024-03-19 22:29:09,1262,1452,-190
2024-03-19 22:29:14,1264,1456,-192
2024-03-19 22:29:19,1264,1456,-192
2024-03-19 22:29:24,1265,1459,-194
2024-03-19 22:29:30,1267,1461,-194
2024-03-19 22:29:35,1269,1467,-198
2024-03-19 22:29:40,1271,1470,-199
2024-03-19 22:29:45,1272,1473,-201
2024-03-19 22:29:50,1272,1473,-201
2024-03-19 22:29:55,1272,1475,-203
2024-03-19 22:30:00,1274,1478,-204
2024-03-19 22:30:05,1274,1479,-205
2024-03-19 22:30:10,1276,1481,-205
2024-03-19 22:30:15,1276,1481,-205
2024-03-19 22:30:20,1278,1484,-206
2024-03-19 22:30:25,1278,1486,-208
2024-03-19 22:30:30,1278,1486,-208
2024-03-19 22:30:35,1282,1489,-207
2024-03-19 22:30:40,1282,1496,-214
2024-03-19 22:30:45,1284,1500,-216
2024-03-19 22:30:50,1284,1502,-218
2024-03-19 22:30:55,1286,1504,-218
2024-03-19 22:31:00,1290,1508,-218
2024-03-19 22:31:05,1290,1509,-219
2024-03-19 22:31:10,1292,1512,-220
2024-03-19 22:31:15,1294,1515,-221
2024-03-19 22:31:20,1296,1516,-220
2024-03-19 22:31:25,1296,1516,-220
2024-03-19 22:31:30,1297,1516,-219
2024-03-19 22:31:35,1299,1518,-219
2024-03-19 22:31:40,1305,1519,-214
2024-03-19 22:31:45,1306,1519,-213
2024-03-19 22:31:51,1306,1519,-213
2024-03-19 22:31:56,1308,1521,-213
2024-03-19 22:32:01,1313,1522,-209
2024-03-19 22:32:06,1313,1523,-210
2024-03-19 22:32:11,1319,1525,-206
2024-03-19 22:32:16,1323,1527,-204
2024-03-19 22:32:21,1326,1530,-204
2024-03-19 22:32:26,1326,1530,-204
2024-03-19 22:32:31,1328,1531,-203
2024-03-19 22:32:36,1329,1533,-204
2024-03-19 22:32:41,1331,1538,-207
2024-03-19 22:32:46,1336,1541,-205
2024-03-19 22:32:51,1339,1544,-205
2024-03-19 22:32:56,1342,1548,-206
2024-03-19 22:33:01,1346,1550,-204
2024-03-19 22:33:06,1350,1553,-203
2024-03-19 22:33:11,1352,1554,-202
2024-03-19 22:33:16,1352,1554,-202
2024-03-19 22:33:21,1354,1556,-202
2024-03-19 22:33:26,1355,1557,-202
2024-03-19 22:33:31,1358,1559,-201
2024-03-19 22:33:36,1358,1559,-201
2024-03-19 22:33:41,1363,1564,-201
2024-03-19 22:33:46,1367,1568,-201
2024-03-19 22:33:51,1369,1570,-201
2024-03-19 22:33:56,1369,1571,-202
2024-03-19 22:34:02,1369,1572,-203
2024-03-19 22:34:07,1370,1572,-202
2024-03-19 22:34:12,1370,1572,-202
2024-03-19 22:34:17,1373,1574,-201
2024-03-19 22:34:22,1375,1576,-201
2024-03-19 22:34:27,1377,1579,-202
2024-03-19 22:34:32,1379,1582,-203
2024-03-19 22:34:37,1382,1586,-204
2024-03-19 22:34:42,1383,1587,-204
2024-03-19 22:34:47,1384,1589,-205
2024-03-19 22:34:52,1384,1590,-206
2024-03-19 22:34:57,1384,1590,-206
2024-03-19 22:35:02,1390,1592,-202
2024-03-19 22:35:07,1395,1593,-198
2024-03-19 22:35:12,1398,1594,-196
2024-03-19 22:35:17,1399,1594,-195
2024-03-19 22:35:22,1402,1595,-193
2024-03-19 22:35:27,1404,1598,-194
2024-03-19 22:35:32,1406,1602,-196
2024-03-19 22:35:37,1411,1605,-194
2024-03-19 22:35:42,1413,1608,-195
2024-03-19 22:35:47,1417,1610,-193
2024-03-19 22:35:52,1419,1613,-194
2024-03-19 22:35:57,1420,1616,-196
2024-03-19 22:36:02,1421,1617,-196
2024-03-19 22:36:07,1421,1618,-197
2024-03-19 22:36:13,1421,1618,-197
2024-03-19 22:36:18,1424,1621,-197
2024-03-19 22:36:23,1424,1621,-197
2024-03-19 22:36:28,1424,1621,-197
2024-03-19 22:36:33,1424,1621,-197
2024-03-19 22:36:38,1424,1621,-197
2024-03-19 22:36:43,1425,1621,-196
2024-03-19 22:36:48,1426,1621,-195
2024-03-19 22:36:53,1427,1622,-195
2024-03-19 22:36:58,1428,1625,-197
2024-03-19 22:37:03,1432,1625,-193
2024-03-19 22:37:08,1432,1626,-194
2024-03-19 22:37:13,1432,1628,-196
2024-03-19 22:37:18,1434,1630,-196
2024-03-19 22:37:23,1437,1632,-195
2024-03-19 22:37:28,1441,1635,-194
2024-03-19 22:37:33,1443,1636,-193
2024-03-19 22:37:38,1445,1638,-193
2024-03-19 22:37:43,1450,1641,-191
2024-03-19 22:37:48,1453,1644,-191
2024-03-19 22:37:53,1455,1648,-193
2024-03-19 22:37:58,1459,1651,-192
2024-03-19 22:38:03,1462,1654,-192
2024-03-19 22:38:08,1463,1657,-194
2024-03-19 22:38:13,1464,1660,-196
2024-03-19 22:38:18,1466,1663,-197
2024-03-19 22:38:23,1470,1667,-197
2024-03-19 22:38:28,1473,1668,-195
2024-03-19 22:38:33,1474,1671,-197
2024-03-19 22:38:39,1474,1671,-197
2024-03-19 22:38:44,1477,1674,-197
2024-03-19 22:38:49,1481,1677,-196
2024-03-19 22:38:54,1483,1681,-198
2024-03-19 22:38:59,1485,1684,-199
2024-03-19 22:39:04,1489,1686,-197
2024-03-19 22:39:09,1490,1688,-198
2024-03-19 22:39:14,1492,1688,-196
2024-03-19 22:39:19,1495,1691,-196
2024-03-19 22:39:24,1501,1694,-193
2024-03-19 22:39:29,1501,1696,-195
2024-03-19 22:39:34,1502,1696,-194
2024-03-19 22:39:39,1502,1696,-194
2024-03-19 22:39:44,1504,1697,-193
2024-03-19 22:39:49,1507,1699,-192
2024-03-19 22:39:54,1509,1700,-191
2024-03-19 22:39:59,1511,1702,-191
2024-03-19 22:40:04,1512,1704,-192
2024-03-19 22:40:09,1512,1705,-193
2024-03-19 22:40:14,1516,1706,-190
2024-03-19 22:40:19,1518,1709,-191
2024-03-19 22:40:24,1519,1713,-194
2024-03-19 22:40:29,1519,1714,-195
2024-03-19 22:40:34,1521,1717,-196
2024-03-19 22:40:39,1521,1723,-202
2024-03-19 22:40:44,1524,1725,-201
2024-03-19 22:40:49,1524,1726,-202
2024-03-19 22:40:54,1524,1726,-202
2024-03-19 22:40:59,1524,1726,-202
2024-03-19 22:41:04,1526,1730,-204
2024-03-19 22:41:09,1527,1734,-207
2024-03-19 22:41:14,1528,1736,-208
2024-03-19 22:41:19,1528,1736,-208
2024-03-19 22:41:25,1531,1737,-206
2024-03-19 22:41:30,1531,1737,-206
2024-03-19 22:41:35,1531,1737,-206
2024-03-19 22:41:40,1532,1737,-205
2024-03-19 22:41:45,1532,1740,-208
2024-03-19 22:41:50,1535,1740,-205
2024-03-19 22:41:55,1536,1743,-207
2024-03-19 22:42:00,1539,1744,-205
2024-03-19 22:42:05,1540,1746,-206
2024-03-19 22:42:10,1540,1747,-207
2024-03-19 22:42:15,1542,1749,-207
2024-03-19 22:42:20,1544,1750,-206
2024-03-19 22:42:25,1544,1754,-210
2024-03-19 22:42:30,1544,1755,-211
2024-03-19 22:42:35,1544,1756,-212
2024-03-19 22:42:40,1545,1758,-213
2024-03-19 22:42:45,1546,1758,-212
2024-03-19 22:42:50,1547,1758,-211
2024-03-19 22:42:55,1548,1760,-212
2024-03-19 22:43:00,1548,1760,-212
2024-03-19 22:43:05,1551,1760,-209
2024-03-19 22:43:10,1552,1760,-208
2024-03-19 22:43:16,1556,1763,-207
2024-03-19 22:43:21,1557,1764,-207
2024-03-19 22:43:26,1560,1768,-208
2024-03-19 22:43:31,1560,1770,-210
2024-03-19 22:43:36,1561,1772,-211
2024-03-19 22:43:41,1562,1773,-211
2024-03-19 22:43:46,1566,1777,-211
2024-03-19 22:43:51,1567,1779,-212
2024-03-19 22:43:56,1567,1780,-213
2024-03-19 22:44:01,1568,1782,-214
2024-03-19 22:44:06,1568,1786,-218
2024-03-19 22:44:11,1568,1787,-219
2024-03-19 22:44:16,1568,1789,-221
2024-03-19 22:44:21,1568,1789,-221
2024-03-19 22:44:26,1570,1789,-219
2024-03-19 22:44:31,1571,1791,-220
2024-03-19 22:44:36,1571,1791,-220
2024-03-19 22:44:41,1572,1792,-220
2024-03-19 22:44:46,1573,1792,-219
2024-03-19 22:44:51,1573,1792,-219
2024-03-19 22:44:56,1576,1793,-217
2024-03-19 22:45:01,1578,1794,-216
2024-03-19 22:45:06,1578,1794,-216
2024-03-19 22:45:11,1580,1796,-216
2024-03-19 22:45:16,1582,1798,-216
2024-03-19 22:45:21,1583,1799,-216
2024-03-19 22:45:26,1583,1805,-222
2024-03-19 22:45:32,1585,1807,-222
2024-03-19 22:45:37,1586,1811,-225
2024-03-19 22:45:42,1588,1815,-227
2024-03-19 22:45:47,1590,1818,-228
2024-03-19 22:45:52,1591,1818,-227
2024-03-19 22:45:57,1592,1818,-226
2024-03-19 22:46:02,1593,1818,-225
2024-03-19 22:46:07,1595,1819,-224
2024-03-19 22:46:12,1598,1823,-225
2024-03-19 22:46:17,1600,1824,-224
2024-03-19 22:46:22,1602,1825,-223
2024-03-19 22:46:27,1603,1825,-222
2024-03-19 22:46:32,1605,1826,-221
2024-03-19 22:46:37,1608,1828,-220
2024-03-19 22:46:42,1608,1829,-221
2024-03-19 22:46:47,1608,1829,-221
2024-03-19 22:46:52,1609,1831,-222
2024-03-19 22:46:57,1609,1831,-222
2024-03-19 22:47:02,1609,1833,-224
2024-03-19 22:47:07,1610,1833,-223
2024-03-19 22:47:12,1616,1833,-217
2024-03-19 22:47:17,1617,1834,-217
2024-03-19 22:47:22,1619,1835,-216
2024-03-19 22:47:27,1621,1842,-221
2024-03-19 22:47:32,1622,1844,-222
2024-03-19 22:47:37,1625,1844,-219
2024-03-19 22:47:42,1626,1844,-218
2024-03-19 22:47:47,1630,1848,-218
2024-03-19 22:47:53,1632,1848,-216
2024-03-19 22:47:58,1635,1850,-215
2024-03-19 22:48:03,1635,1850,-215
2024-03-19 22:48:08,1637,1852,-215
2024-03-19 22:48:13,1639,1853,-214
2024-03-19 22:48:18,1649,1864,-215
2024-03-19 22:48:23,1649,1865,-216
2024-03-19 22:48:28,1653,1867,-214
2024-03-19 22:48:33,1654,1869,-215
2024-03-19 22:48:38,1656,1870,-214
2024-03-19 22:48:43,1658,1870,-212
2024-03-19 22:48:48,1658,1874,-216
2024-03-19 22:48:53,1659,1875,-216
2024-03-19 22:48:58,1663,1875,-212
2024-03-19 22:49:03,1666,1879,-213
2024-03-19 22:49:08,1667,1880,-213
2024-03-19 22:49:13,1667,1880,-213
2024-03-19 22:49:18,1669,1882,-213
2024-03-19 22:49:23,1672,1884,-212
2024-03-19 22:49:28,1672,1884,-212
2024-03-19 22:49:33,1672,1884,-212
2024-03-19 22:49:38,1675,1889,-214
2024-03-19 22:49:43,1677,1893,-216
2024-03-19 22:49:48,1681,1895,-214
2024-03-19 22:49:53,1681,1898,-217
2024-03-19 22:49:58,1682,1901,-219
2024-03-19 22:50:03,1688,1909,-221
2024-03-19 22:50:08,1690,1912,-222
2024-03-19 22:50:14,1697,1915,-218
2024-03-19 22:50:19,1698,1920,-222
2024-03-19 22:50:24,1698,1921,-223
2024-03-19 22:50:29,1698,1921,-223
2024-03-19 22:50:34,1700,1924,-224
2024-03-19 22:50:39,1700,1924,-224
2024-03-19 22:50:44,1700,1925,-225
2024-03-19 22:50:49,1700,1926,-226
2024-03-19 22:50:54,1701,1930,-229
2024-03-19 22:50:59,1704,1932,-228
2024-03-19 22:51:04,1705,1933,-228
2024-03-19 22:51:09,1708,1935,-227
2024-03-19 22:51:14,1711,1939,-228
2024-03-19 22:51:19,1713,1943,-230
2024-03-19 22:51:24,1716,1944,-228
2024-03-19 22:51:29,1716,1944,-228
2024-03-19 22:51:34,1717,1944,-227
2024-03-19 22:51:39,1720,1945,-225
2024-03-19 22:51:44,1723,1949,-226
2024-03-19 22:51:49,1726,1953,-227
2024-03-19 22:51:54,1727,1953,-226
2024-03-19 22:51:59,1731,1955,-224
2024-03-19 22:52:04,1734,1956,-222
2024-03-19 22:52:10,1735,1959,-224
2024-03-19 22:52:15,1737,1959,-222
2024-03-19 22:52:20,1737,1960,-223
2024-03-19 22:52:25,1740,1963,-223
2024-03-19 22:52:30,1742,1965,-223
2024-03-19 22:52:35,1743,1965,-222
2024-03-19 22:52:40,1744,1965,-221
2024-03-19 22:52:46,1745,1967,-222
2024-03-19 22:52:51,1750,1973,-223
2024-03-19 22:52:56,1751,1975,-224
2024-03-19 22:53:01,1754,1976,-222
2024-03-19 22:53:06,1756,1978,-222
2024-03-19 22:53:11,1756,1978,-222
2024-03-19 22:53:16,1760,1982,-222
2024-03-19 22:53:21,1764,1986,-222
2024-03-19 22:53:26,1766,1987,-221
2024-03-19 22:53:31,1766,1987,-221
2024-03-19 22:53:36,1767,1988,-221
2024-03-19 22:53:41,1767,1989,-222
2024-03-19 22:53:46,1768,1989,-221
2024-03-19 22:53:51,1769,1990,-221
2024-03-19 22:53:56,1771,1990,-219
2024-03-19 22:54:01,1772,1994,-222
2024-03-19 22:54:06,1775,1996,-221
2024-03-19 22:54:11,1776,1998,-222
2024-03-19 22:54:16,1778,1999,-221
2024-03-19 22:54:21,1778,2000,-222
2024-03-19 22:54:26,1778,2004,-226
2024-03-19 22:54:31,1781,2006,-225
2024-03-19 22:54:36,1786,2009,-223
2024-03-19 22:54:41,1788,2009,-221
2024-03-19 22:54:46,1791,2010,-219
2024-03-19 22:54:51,1795,2014,-219
2024-03-19 22:54:56,1796,2014,-218
2024-03-19 22:55:02,1796,2015,-219
2024-03-19 22:55:07,1797,2019,-222
2024-03-19 22:55:12,1799,2020,-221
2024-03-19 22:55:17,1801,2021,-220
2024-03-19 22:55:22,1803,2021,-218
2024-03-19 22:55:27,1806,2024,-218
2024-03-19 22:55:32,1806,2024,-218
2024-03-19 22:55:37,1808,2028,-220
2024-03-19 22:55:42,1810,2029,-219
2024-03-19 22:55:47,1812,2030,-218
2024-03-19 22:55:52,1812,2031,-219
2024-03-19 22:55:57,1815,2032,-217
2024-03-19 22:56:02,1818,2033,-215
2024-03-19 22:56:07,1818,2034,-216
2024-03-19 22:56:12,1819,2034,-215
2024-03-19 22:56:17,1822,2035,-213
2024-03-19 22:56:22,1824,2036,-212
2024-03-19 22:56:27,1824,2036,-212
2024-03-19 22:56:32,1827,2038,-211
2024-03-19 22:56:37,1827,2038,-211
2024-03-19 22:56:42,1828,2039,-211
2024-03-19 22:56:47,1828,2039,-211
2024-03-19 22:56:52,1830,2040,-210
2024-03-19 22:56:57,1830,2040,-210
2024-03-19 22:57:02,1831,2042,-211
2024-03-19 22:57:08,1831,2043,-212
2024-03-19 22:57:13,1832,2044,-212
2024-03-19 22:57:18,1832,2044,-212
2024-03-19 22:57:23,1833,2045,-212
2024-03-19 22:57:28,1837,2047,-210
2024-03-19 22:57:33,1837,2047,-210
2024-03-19 22:57:38,1838,2049,-211
2024-03-19 22:57:43,1841,2052,-211
2024-03-19 22:57:48,1841,2054,-213
2024-03-19 22:57:53,1843,2056,-213
2024-03-19 22:57:58,1843,2056,-213
2024-03-19 22:58:03,1844,2057,-213
2024-03-19 22:58:08,1844,2057,-213
2024-03-19 22:58:13,1846,2058,-212
2024-03-19 22:58:18,1846,2058,-212
2024-03-19 22:58:23,1849,2061,-212
2024-03-19 22:58:28,1849,2062,-213
2024-03-19 22:58:33,1851,2063,-212
2024-03-19 22:58:38,1851,2063,-212
2024-03-19 22:58:43,1853,2066,-213
2024-03-19 22:58:48,1853,2069,-216
2024-03-19 22:58:53,1858,2074,-216
2024-03-19 22:58:58,1859,2077,-218
2024-03-19 22:59:03,1861,2079,-218
2024-03-19 22:59:09,1863,2084,-221
2024-03-19 22:59:14,1867,2086,-219
2024-03-19 22:59:19,1867,2088,-221
2024-03-19 22:59:24,1869,2090,-221
2024-03-19 22:59:29,1873,2093,-220
2024-03-19 22:59:34,1875,2096,-221
2024-03-19 22:59:39,1876,2096,-220
2024-03-19 22:59:44,1880,2099,-219
2024-03-19 22:59:49,1881,2099,-218
2024-03-19 22:59:54,1885,2099,-214
2024-03-19 22:59:59,1886,2099,-213
2024-03-19 23:00:04,1887,2099,-212
2024-03-19 23:00:09,1889,2101,-212
2024-03-19 23:00:14,1889,2105,-216
2024-03-19 23:00:19,1890,2107,-217
2024-03-19 23:00:24,1891,2108,-217
2024-03-19 23:00:29,1891,2112,-221
2024-03-19 23:00:34,1892,2113,-221
